-3.0683e+00
-4.3095e+00
-4.7981e+00
-5.4261e+00
-5.8195e+00
-5.7965e+00
-4.7243e+00
-4.4737e+00
-3.8535e+00
-3.0114e+00
-2.5643e+00
 1.3420e+00
 1.1730e-01
-1.3253e+00
-2.2585e+00
-2.5208e+00
-2.7242e+00
-2.1568e+00
-8.9168e-01
-1.6105e-01
 2.5093e-01
 2.4027e-01
 8.2140e-02
 3.8885e-01
 2.1899e+00
 3.3482e+00
-8.8207e-01
 5.3412e-01
 4.8551e+00
 4.8986e+00
-2.0859e+00
-4.2244e+00
-4.9488e+00
-5.6887e+00
-6.2031e+00
-6.3346e+00
-5.4287e+00
-5.2015e+00
-4.3267e+00
-3.1098e+00
-2.4412e+00
 1.3796e+00
-1.7855e-01
-2.0454e+00
-3.2457e+00
-3.0715e+00
-2.3022e+00
-1.3373e+00
-8.8360e-02
 6.3215e-01
 1.0085e+00
 5.7897e-01
-5.2962e-01
-1.5289e+00
-1.8595e+00
 4.6298e-01
-2.0425e+00
 7.9205e-01
 5.2295e+00
 4.5930e+00
-2.3630e+00
-4.3990e+00
-4.9766e+00
-5.5617e+00
-6.0089e+00
-6.3002e+00
-5.7052e+00
-5.6521e+00
-4.8206e+00
-3.7961e+00
-2.7181e+00
 1.0903e+00
-4.8603e-01
-2.4589e+00
-3.5167e+00
-2.6870e+00
-1.5817e+00
-7.7330e-01
 7.4122e-01
 1.8967e+00
 2.3797e+00
 1.1798e+00
-1.1154e+00
-3.0259e+00
-4.1972e+00
-1.4181e+00
-1.8181e+00
 6.9764e-01
 4.9167e+00
 3.7826e+00
-1.6380e+00
-4.0893e+00
-4.2669e+00
-4.1122e+00
-3.4421e+00
-3.5482e+00
-4.0589e+00
-3.9753e+00
-2.1674e+00
-1.1696e+00
-1.4554e+00
 1.4598e+00
-1.5617e-01
-2.2294e+00
-3.4520e+00
-2.8697e+00
-2.5377e+00
-2.1240e+00
 1.4771e-01
 2.4076e+00
 3.2050e+00
 1.8500e+00
-9.2336e-01
-3.4583e+00
-5.1771e+00
-2.4476e+00
 1.1024e-02
 2.5147e+00
 5.8236e+00
 4.2401e+00
-1.4143e+00
-4.0369e+00
-4.4184e+00
-4.5195e+00
-3.8394e+00
-3.1925e+00
-3.1651e+00
-3.0534e+00
-1.7514e+00
-1.4608e+00
-2.0128e+00
 1.1297e+00
 3.4852e-02
-1.3250e+00
-1.9139e+00
-1.7855e+00
-2.9377e+00
-3.1922e+00
-7.7919e-01
 1.4063e+00
 2.5575e+00
 1.6761e+00
-7.8072e-01
-3.3519e+00
-4.5952e+00
 4.2869e-01
 3.6307e+00
 4.3446e+00
 7.6040e+00
 5.4151e+00
-8.2916e-01
-3.9660e+00
-4.8616e+00
-5.1535e+00
-4.1420e+00
-2.6966e+00
-2.0279e+00
-2.4211e+00
-2.1142e+00
-2.4820e+00
-2.9566e+00
 8.8384e-01
 8.8291e-01
 1.2025e+00
 3.0099e+00
 4.2907e+00
 1.2499e+00
-2.4848e-01
 1.3721e+00
 2.4340e+00
 2.8055e+00
 1.9117e+00
-8.4877e-02
-2.6161e+00
-3.5034e+00
 1.4681e+00
 2.4970e+00
 1.0593e+00
 5.5619e+00
 4.7290e+00
-9.2747e-01
-4.1705e+00
-5.2198e+00
-5.3368e+00
-3.7412e+00
-1.3481e+00
-3.5992e-03
-1.0801e+00
-1.9922e+00
-3.0701e+00
-3.4979e+00
 9.0517e-01
 1.6021e+00
 3.0178e+00
 7.3045e+00
 1.1107e+01
 7.3163e+00
 3.7479e+00
 3.1533e+00
 2.4178e+00
 2.0524e+00
 1.5737e+00
 6.8977e-01
-1.9325e-02
 2.0671e+00
 7.3166e+00
 4.2869e+00
 1.0595e+00
 5.3067e+00
 3.9751e+00
-2.2360e+00
-4.2400e+00
-4.4414e+00
-3.8708e+00
-1.4706e+00
 1.5858e+00
 2.3520e+00
-2.3094e-01
-1.7183e+00
-2.7214e+00
-3.3550e+00
 6.8776e-01
 9.4447e-01
 2.7336e+00
 9.3149e+00
 1.5436e+01
 1.1801e+01
 5.6452e+00
 1.4440e+00
-3.7887e-01
 3.8301e-01
 1.6516e+00
 2.8612e+00
 5.3245e+00
 1.3757e+01
 2.5202e+01
 1.6551e+01
 1.0605e+01
 1.1013e+01
 5.1321e+00
 1.8739e-01
-1.7362e+00
-1.8437e+00
-1.3876e+00
 6.1437e-01
 2.3999e+00
 1.2241e+00
-2.5650e+00
-3.3046e+00
-2.9713e+00
-3.6413e+00
-4.4401e-01
-3.1801e-01
 2.9784e+00
 1.2249e+01
 2.0011e+01
 1.5357e+01
 5.8211e+00
-1.5941e+00
-3.8201e+00
-1.0191e+00
 2.2823e+00
 5.0056e+00
 9.0207e+00
 2.3479e+01
 4.3939e+01
 3.2725e+01
 2.1544e+01
 1.5597e+01
 5.5785e+00
 7.9743e-01
-1.1173e+00
-6.9367e-01
 8.3161e-01
 3.4952e+00
 3.9335e+00
 1.0216e+00
-2.6810e+00
-3.0299e+00
-2.7563e+00
-4.0089e+00
-2.3565e-01
 2.3763e+00
 7.8577e+00
 1.9159e+01
 2.6444e+01
 1.7979e+01
 3.8887e+00
-4.4791e+00
-5.0475e+00
-3.1810e-01
 3.0110e+00
 4.4055e+00
 7.3950e+00
 2.7395e+01
 5.3546e+01
 4.2312e+01
 2.5444e+01
 9.5579e+00
-3.5637e-01
-1.4295e+00
-1.5593e+00
 7.9520e-02
 3.1850e+00
 7.8993e+00
 9.3245e+00
 5.0818e+00
-5.1475e-01
-2.5704e+00
-1.0520e+00
 2.6399e+00
 8.7071e+00
 1.1088e+01
 1.5887e+01
 2.6033e+01
 2.8474e+01
 1.4842e+01
-9.8405e-01
-6.4915e+00
-3.1696e+00
 4.9110e-01
 7.3202e-01
 1.1462e+00
 6.5149e+00
 3.2249e+01
 6.0328e+01
 4.4008e+01
 2.0185e+01
-4.9367e-01
-7.2855e+00
-4.3653e+00
-2.7666e+00
-1.4734e-01
 3.9763e+00
 1.0713e+01
 1.4120e+01
 8.9353e+00
 2.4470e+00
 1.0615e+00
 1.9917e+00
 2.9682e+00
 7.7176e+00
 1.0392e+01
 1.6761e+01
 2.7137e+01
 2.3154e+01
 6.6319e+00
-4.0615e+00
-5.5191e+00
-2.9470e+00
-2.5024e+00
 1.7643e+00
 7.6511e+00
 1.6003e+01
 4.6228e+01
 7.2551e+01
 4.5274e+01
 9.6155e+00
-7.5616e+00
-9.7148e+00
-5.2878e+00
-4.0552e+00
-2.5227e+00
 5.9790e-01
 7.7209e+00
 1.1832e+01
 6.2880e+00
-1.8501e-01
-1.8496e+00
-1.6777e+00
 5.8466e-01
 6.8314e+00
 1.0123e+01
 1.7151e+01
 2.6765e+01
 1.9015e+01
 5.9539e+00
-4.4718e+00
-7.0239e+00
-8.7591e-01
 1.3363e+01
 2.1944e+01
 2.6015e+01
 3.1823e+01
 6.2915e+01
 7.5914e+01
 3.5315e+01
-4.0200e+00
-9.0906e+00
-2.3287e+00
-3.4186e+00
-5.3059e+00
-4.8249e+00
-2.2404e+00
 4.2580e+00
 7.7486e+00
 3.4047e+00
-8.8922e-01
-4.4186e+00
-7.3354e+00
-4.4562e+00
 2.8695e+00
 7.3509e+00
 1.4809e+01
 2.3168e+01
 1.2993e+01
-8.9671e-01
-1.3132e+01
-3.5352e-01
 7.0777e+00
 1.2674e+01
 1.8968e+01
 2.3519e+01
 3.2639e+01
 7.1918e+01
 6.4391e+01
 1.6152e+01
-1.4904e+01
-7.9320e+00
 8.3054e+00
-2.8558e+00
-3.1691e+00
-1.4712e+00
 9.7606e-01
 7.1477e+00
 1.0970e+01
 4.3932e+00
-4.3752e+00
-7.2637e+00
-8.2291e+00
-4.2185e+00
-4.3827e-01
 2.3724e+00
 6.2922e+00
 9.7374e+00
-2.0034e+00
-2.1274e+01
-2.2369e+01
-2.1637e+00
-6.6552e-01
 9.0155e+00
 1.7676e+01
 2.2732e+01
 3.3256e+01
 7.7989e+01
 4.8636e+01
 2.4551e+01
-8.8243e+00
-2.5718e+00
-7.2344e-01
 4.9675e+00
 7.3124e+00
 7.3802e+00
 7.4660e+00
 1.2594e+01
 1.3192e+01
-6.2091e-01
-6.7974e+00
 3.1321e-02
 2.6141e+00
-1.4458e+00
 2.8684e-01
 2.2255e+00
 1.7893e+00
-3.8302e+00
-1.9038e+01
-3.2167e+01
-1.9633e+01
-1.1455e+01
-1.1978e+01
-5.1218e-01
 9.5593e+00
 1.8454e+01
 3.0768e+01
 7.5580e+01
 3.7090e+01
 1.6973e+01
-1.3241e+01
-6.9934e+00
-1.9971e+00
 5.0758e+00
 6.0405e+00
 5.9561e+00
 8.0587e+00
 1.4952e+01
 1.1082e+01
-5.6341e+00
-8.9172e+00
 1.8588e-02
 8.3671e+00
-7.1879e-01
 2.6824e+00
 3.2611e+00
-3.0895e+00
-1.6248e+01
-2.0085e+01
-2.3528e+01
-3.2918e+01
-3.6161e+01
-1.9252e+01
-2.3322e+00
 6.5599e+00
 1.3307e+01
 2.1346e+01
 5.2203e+01
 2.9502e+01
-1.2230e+01
-3.0194e+01
-1.3395e+01
-3.2784e+00
 2.9607e+00
 3.8483e+00
 3.8341e+00
 6.8564e+00
 1.6163e+01
 1.3202e+01
 7.0045e+00
 2.6781e+00
 4.5064e+00
 4.9309e+00
 1.1269e+01
 1.2409e+01
 9.6323e+00
 1.2417e-01
-1.1941e+01
 3.5695e+00
-1.1608e+01
-1.3570e+01
-2.7372e+00
 3.4718e+00
 7.5825e+00
 1.1432e+01
 1.7545e+01
 2.1606e+01
 3.4704e+01
 2.4111e+01
 1.1673e+01
-6.3567e+00
-7.6045e+00
-4.4538e+00
 1.2326e+00
 1.1197e+00
 3.3787e+00
 7.0678e+00
 1.4020e+01
 4.1744e+00
-1.3622e+01
-1.7624e+01
-1.1317e+01
-2.5304e+00
 1.1494e+01
 1.0581e+01
 6.3357e+00
 8.1540e-01
 1.1451e+00
 3.3015e+01
 2.6393e+01
 4.2047e+01
 4.4697e+01
 2.8577e+01
 8.5120e+00
 1.5587e+01
 2.0545e+01
 1.6354e+01
-1.9541e+00
 4.1699e+01
 9.8186e+01
 2.8730e+01
-2.2123e+01
-2.4810e+01
 3.1458e-01
 3.6732e+00
 5.6226e+00
 6.9821e+00
 5.5522e+00
-9.3960e+00
-3.2461e+01
-3.4991e+01
-8.7118e+00
 7.7186e+00
 6.0109e+00
 9.3811e-01
-6.5304e+00
-1.7167e+01
-3.2388e+00
 4.9674e+01
 8.8285e+01
 1.1304e+02
 9.7223e+01
 5.8569e+01
 3.4919e+01
 3.2923e+01
 3.1422e+01
 2.7006e+01
 8.6510e+00
 1.3300e+02
 1.7806e+02
 7.6558e+01
 4.2044e+01
 1.6187e+01
 5.8569e+00
 9.2079e-01
 2.3738e+00
 1.6841e+00
 5.5263e+00
 1.7111e+01
 1.5420e+01
 1.0912e+01
-2.9331e+00
 2.8507e+01
 5.8789e+00
-5.2166e+00
-7.6332e+00
-1.7978e+01
-4.2148e+00
 4.2101e+01
-9.1446e+00
-6.7813e+00
 1.6240e+01
 2.8631e+01
 2.9166e+01
 2.9673e+01
 2.9122e+01
 3.3882e+01
 4.3365e+01
 2.5513e+02
 3.1212e+02
 2.1987e+02
 1.2993e+02
 5.3198e+01
-1.7405e+01
-8.0137e+00
-1.6563e+00
-1.1159e+01
-2.0806e+01
 9.3969e+00
 2.6026e+01
 2.2872e+01
-5.9340e+01
-2.0583e+01
 2.4267e+01
 3.2533e+00
 2.9436e+00
 1.1960e+00
 1.0696e+01
 2.7134e+01
-6.9045e+01
-9.0091e+01
-1.4821e+01
 2.0261e+01
 1.4442e+01
 5.3113e+00
-8.3727e+00
-3.7901e+01
 9.8788e+00
 3.2419e+02
 4.8148e+02
 3.6061e+02
 3.0768e+02
 1.4357e+02
 3.3962e+01
 5.5848e+00
 1.0878e+00
-3.0805e+00
-2.4452e+00
 7.6383e+00
-1.2138e+01
-4.1999e+01
 4.6342e+01
 4.6091e+01
 7.8531e+00
-1.8268e+00
 1.2257e+00
 7.3827e-01
 1.4114e+01
 9.3734e+01
 4.0982e-01
-3.7503e+01
-1.7469e+01
 9.5209e+00
-1.5771e+01
-2.2453e+01
-3.3104e+01
-7.9497e+01
 2.4303e+01
 4.1495e+02
 2.7301e+02
 4.5694e+01
 1.1363e+02
 7.7810e+01
 2.4268e+01
 1.1421e+01
 7.3939e+00
 8.1475e-01
 6.1206e+00
 3.8839e+01
-4.9520e+00
-4.2359e+01
 1.0578e+02
 6.7509e+01
-5.3354e+01
-4.9655e+00
 2.7122e+00
-1.1235e+01
-4.2068e+01
 7.2327e+01
 4.6422e+00
-6.4312e+01
-6.9369e+01
-3.1450e+01
-1.4534e+01
-1.6268e+01
-1.6304e+01
-4.1930e+01
 1.3482e+02
 5.8987e+02
-1.2785e+02
-2.0062e+02
 1.2977e+01
 9.6715e+01
 2.6377e+01
-1.9424e+00
-1.6262e+01
-2.9941e+01
-1.4888e+01
 3.8716e+01
 6.9839e+01
 2.5223e+02
 4.9296e+02
 1.4812e+02
 1.5982e+01
-2.3261e+00
-2.1502e+00
 1.3677e+00
 3.8231e+01
 2.2397e+01
-3.9276e+01
-4.2672e+01
 4.1143e+00
 3.3136e+01
 2.1903e+01
 1.6526e+00
-1.1789e+01
-1.4555e+01
 1.6651e+02
 5.9006e+02
-1.3121e+02
-1.4056e+02
-3.0273e+01
 1.1063e+02
 2.0993e+01
-1.8015e+01
-3.9499e+01
-5.9343e+01
-2.2448e+01
 6.7987e+01
 1.0961e+02
 1.6524e+02
 5.3810e+01
-3.2359e+01
-4.0851e+00
-3.3901e-01
 1.7209e+00
-3.6938e+00
-9.5565e+00
 4.7676e+01
 7.3752e+00
 4.2333e+00
 4.0966e+01
 6.0654e+01
 1.4100e+01
 1.9395e+01
-3.8630e+00
-2.4866e+01
 1.2201e+02
 4.9489e+02
 2.9133e+01
-4.2528e+01
-5.5058e+01
 6.6189e+01
 4.5701e+00
-2.3211e+01
-3.7236e+01
-3.2317e+01
 6.3881e+01
 1.7972e+02
 1.9710e+01
-9.6772e+01
-4.5057e+01
 4.6759e+00
 1.5037e+01
 8.4842e+00
 8.6448e+00
 9.5989e+00
 8.8639e+00
 7.9598e+00
-1.7075e+01
 7.0241e+01
 1.3768e+02
 6.1034e+01
 3.4584e+01
 2.3195e+01
 1.2165e+01
-4.2505e-01
 1.1577e+02
 3.7697e+02
 3.2303e+01
-2.0974e+01
-1.8476e+01
 3.2359e+01
 9.3619e-01
-1.9967e+01
-2.8297e+01
-1.5507e+00
 1.0822e+02
 1.6215e+02
-4.0104e+01
-1.0069e+02
-7.8678e+00
 3.4251e+01
 1.5025e+01
 2.0420e+00
-6.6493e+00
-8.9879e+00
-8.1824e+00
-1.7333e+00
 1.7870e+01
 2.4863e+01
-2.1685e+00
-3.0649e+01
-2.7490e+01
-1.7470e+01
-3.7788e+00
-2.3374e+01
 7.3009e+01
 1.7610e+02
-4.5476e+01
-1.5961e+01
 2.6742e+00
 6.4554e+00
-4.8666e+00
-8.4775e+00
-9.6261e+00
 1.3704e+01
 8.7753e+01
 1.3454e+02
 1.0500e+01
-2.2401e+01
-7.2351e+00
 1.1802e+01
 3.6619e+00
-6.2840e+00
-5.5940e+00
 5.8062e-02
 1.4691e+01
 3.6043e+01
 1.1953e+01
-2.6737e+01
-2.7751e+01
-8.3809e+00
 1.4066e+01
 1.6962e+01
 1.9808e+00
 1.2564e+01
 9.7148e+01
 7.8606e+01
 7.8691e+00
-5.2236e+00
 2.1882e+01
 6.5585e+00
 3.9700e+00
 4.3482e+00
 9.0046e+00
 1.9915e+01
 5.7938e+01
 8.8080e+01
 1.4973e+01
-1.1855e+01
-9.3928e+00
 2.3012e+00
-1.2055e+00
-7.2463e+00
-2.8233e+00
-3.1723e-01
 1.8214e+01
 1.8991e+01
-1.9233e+01
-3.3864e+01
-1.3108e+01
 9.6763e-01
 7.7540e+00
 1.0904e+01
-4.6700e+00
-2.2914e+01
 3.9693e+01
-5.1822e+01
 6.5361e+00
 1.0705e+00
-4.5433e+00
-4.8557e+00
-1.4726e+01
-8.0031e+00
 1.9165e+00
 3.1989e-01
 1.7114e+01
 2.6538e+01
-1.3628e+01
-1.6710e+01
-8.2775e+00
-2.8747e+00
-2.6709e+00
-4.5594e+00
-6.1214e+00
 1.3189e+00
 1.4912e+01
 1.7247e+01
-5.6271e+00
-9.5197e+00
 1.2872e-01
 2.6853e+00
 4.4784e-01
 5.0271e-02
 8.0380e+00
 9.2977e+00
 1.5659e+01
 8.3261e+00
-1.3515e+01
-1.2521e+01
 4.1997e+00
 6.7568e+00
 7.0056e+00
 1.1839e+01
 9.9475e+00
 1.0771e+01
 2.6325e+01
 2.4102e+01
 6.0270e+00
-5.8158e+00
-2.1361e+00
 3.6185e-01
 2.9833e+00
 3.8141e+00
 3.3017e+00
 4.8351e+00
 7.7341e+00
 7.6588e+00
-6.6421e+00
-9.4287e+00
-9.9980e-01
 4.1964e+00
-3.0779e-01
-2.7908e+00
 4.1011e+00
-1.3895e+00
-1.0493e+00
 2.4247e+00
-2.2097e+01
-2.5168e+01
 2.4741e+00
 1.2391e+01
 7.3318e+00
 8.0376e+00
 2.7244e+00
-1.5208e+00
 8.4508e-01
-1.1959e+01
-2.5190e+00
-8.7625e-01
-3.5021e+00
-2.5506e+00
-3.2875e+00
-2.0022e+00
-5.1806e-01
-1.2922e+00
-1.1175e+00
-1.8334e+00
-1.0897e+01
-1.0317e+01
-3.7724e+00
-2.0672e-01
 8.0225e-01
 9.2867e-02
-1.7863e+01
 1.0701e+00
-1.1974e+00
 8.6632e+00
-1.1418e+01
-1.0293e+01
 5.7174e+00
 1.6525e+01
 5.6137e+00
 6.4299e+00
 8.2781e+00
 7.6507e+00
 6.5216e+00
 5.1179e+00
-1.2817e+00
-1.8080e+00
 5.7172e-01
 2.2552e+00
 4.5791e+00
 5.8658e+00
 5.3805e+00
 5.1837e+00
 5.4893e+00
 3.9284e+00
-3.0000e+00
-4.3101e+00
-1.3185e-01
 5.1195e+00
 1.1495e+01
 1.0429e+01
-3.6612e+00
 3.4252e+00
-1.5333e+00
 5.7115e+00
-9.7378e+00
-6.6766e+00
 4.4471e+00
 1.2284e+01
 4.2095e+00
 3.7314e+00
 5.2661e+00
 2.8787e+00
 1.6172e+00
 2.2057e+00
-4.3227e+00
-4.9770e+00
 7.0236e-01
 3.8053e+00
 4.8652e+00
 4.5208e+00
 2.5054e+00
 1.0935e+00
 1.0666e+00
-9.2937e-01
-3.1386e+00
-2.3826e+00
-2.2201e+00
-1.0938e+00
 1.9343e+00
 8.0958e-01
-8.0969e+00
-3.3341e+00
-5.8446e+00
 1.8075e+00
-1.2909e+01
-4.8585e+00
 4.0626e+00
 9.0213e+00
 2.2855e+00
 1.7793e+00
-1.5355e+00
 6.0042e-01
 2.1770e+00
 4.7590e+00
 7.1124e-02
-1.2177e+00
 2.4863e+00
 4.8990e+00
 2.9652e+00
 3.2244e+00
 3.0025e+00
 2.2582e+00
 4.8414e+00
 5.2256e+00
-3.1577e-01
-1.8642e+00
-3.6480e-01
 5.5733e-01
 6.0178e+00
 5.0602e+00
-3.0011e+00
 3.4957e+00
-3.3517e+00
 5.8944e-01
-1.2240e+01
-2.2924e+00
 6.9159e+00
 1.0869e+01
 9.9134e+00
 9.4433e+00
 4.9071e+00
 2.3542e+00
 1.6868e+00
 3.7804e+00
 8.9423e-01
 8.0060e-01
 3.3629e+00
 5.2714e+00
 3.8466e+00
 2.4301e+00
 3.5350e+00
 2.3771e+00
 3.7908e+00
 4.8676e+00
 7.8861e-02
-2.7656e-01
 2.2674e+00
 2.9069e+00
 5.8182e+00
 3.4724e+00
-5.1618e+00
-2.5123e+00
 3.7337e-01
 7.3938e-01
-9.5504e+00
-7.2148e-01
 3.8033e+00
 5.8513e+00
 4.2625e+00
 4.0607e+00
 1.6383e+00
-7.1614e-01
-2.0441e+00
-2.0679e-01
-2.1196e+00
-5.0684e-01
 1.7476e+00
 2.7779e+00
 5.0002e+00
 2.1986e+00
-1.5702e-01
 1.0131e+00
 3.7532e+00
 8.6773e+00
 3.1854e+00
-1.2512e+00
 3.6211e-02
 2.1438e+00
 6.4403e+00
 2.7297e+00
-1.0794e+00
-6.9567e+00
 4.0093e+00
 2.6926e+00
-9.5761e+00
-5.2151e+00
 3.8610e+00
 8.5973e+00
 5.4556e+00
 4.6077e+00
 2.4467e+00
 1.4399e+00
-1.0146e+00
-1.6400e+00
-3.4129e+00
-6.5037e-01
 2.9305e+00
 6.6409e+00
 1.0714e+01
 1.1278e+01
 5.2445e+00
 2.8408e-01
 2.7295e+00
 7.4775e+00
 4.4021e+00
 1.7608e+00
 4.1168e-01
 1.3409e+00
 1.0332e+01
 8.3239e+00
 9.4495e+00
 1.0144e+00
 7.8895e+00
 7.8090e+00
-6.1626e+00
-4.0515e+00
 4.4307e+00
 9.0226e+00
 5.0147e+00
 3.3759e+00
 1.0953e+00
 4.6883e-01
 4.5811e-01
-3.5789e-01
-2.9187e+00
-1.1752e-01
 2.0668e+00
 3.7153e+00
 6.5960e+00
 6.3788e+00
 3.6407e+00
-2.8427e-01
-2.5396e+00
 1.0265e+00
 1.5735e+00
 1.6396e+00
 1.1563e-01
-9.3699e-01
 1.5002e+01
 6.3801e+00
 7.7071e+00
 4.7514e+00
 4.4360e+00
 2.2817e+01
-5.0887e-02
-1.4595e+00
 4.7451e+00
 8.2430e+00
 4.6083e+00
 2.8309e+00
 9.2453e-01
 8.1702e-03
 2.4960e+00
 1.7882e+00
-3.0091e+00
-3.3905e+00
 1.7896e-01
 3.1136e+00
 5.7086e+00
 4.6239e+00
 1.1653e+00
 7.3091e-01
-1.0842e+00
-2.4719e+00
-4.0647e-01
 8.7327e-01
 2.4499e+00
 7.1142e+00
 2.3722e+01
 1.7285e+01
 1.3478e+01
 5.2654e+00
 5.6255e+00
 1.9636e+01
 2.6205e+00
 1.8577e+00
 3.7585e+00
 5.6540e+00
 4.4149e+00
 4.6003e+00
 4.6295e+00
 3.4518e+00
 5.0380e+00
 5.0769e+00
 1.3988e+00
 6.9586e-01
 2.0976e+00
 4.4036e+00
 7.3398e+00
 3.6910e+00
 1.8380e+00
 9.5506e-01
-5.7760e-02
 4.6485e-01
-1.2232e+00
 4.1791e+00
 4.2604e+00
 4.5008e+00
 2.1455e+01
 1.0495e+01
 2.7859e+00
 3.0619e+00
 3.9676e+00
 4.3468e+00
 1.9787e+00
-1.1060e-01
 1.7732e+00
 1.2541e+00
 4.9711e+00
 3.7182e+00
 2.9746e+00
 2.3341e+00
 4.1252e+00
 7.9794e+00
 4.0162e+00
 3.1491e+00
 5.6567e+00
 7.8794e+00
 9.6706e+00
 5.4839e+00
 3.3138e+00
 3.8181e+00
 4.9440e+00
 4.6866e+00
 1.2841e+00
-2.1430e+00
 1.9203e+00
 1.4462e+00
 1.7820e+01
 8.1783e+00
 8.4978e-01
 1.6316e+00
 3.1066e+00
-7.3470e-01
-1.7543e+00
-3.5648e+00
 2.5858e+00
 5.1757e+00
 8.9707e+00
 8.8009e+00
 5.8131e+00
 2.3614e+00
 2.3194e+00
 4.8802e+00
 3.6246e+00
 4.7156e+00
 8.2743e+00
 9.7504e+00
 7.1875e+00
 4.7896e+00
 5.4625e+00
 6.2079e+00
 6.9271e+00
 5.7869e+00
 5.8486e+00
 3.9236e+00
-8.8576e-01
 3.9116e-01
 1.7825e+01
 3.2313e+00
 2.3603e+00
 2.8900e+00
 1.6626e+00
 1.1301e+00
 3.8050e-01
 5.3500e+00
 5.0292e+00
 5.9939e+00
 7.6725e+00
 5.8324e+00
 2.5628e+00
 1.9715e+00
 2.1015e+00
 1.8787e+00
 2.8305e+00
 4.6871e+00
 6.5338e+00
 5.4368e+00
 8.8804e+00
 7.3578e+00
 4.0378e+00
 3.1441e+00
 5.2956e+00
 5.6280e+00
 7.2550e+00
 8.5508e+00
 7.7172e+00
 7.0153e+00
 1.8192e+01
 3.9277e+00
 2.9263e+00
 5.4390e+00
 7.7651e+00
 3.2634e+00
 7.2617e-01
-3.6722e-01
 2.0917e+00
 3.3654e+00
 5.7312e+00
 4.6233e+00
 1.9651e+00
 1.6377e+00
 1.8319e+00
 1.6817e+00
 3.7552e+00
 5.2860e+00
 7.8739e+00
 9.7486e+00
 1.3366e+01
 1.3000e+01
 8.1071e+00
 3.1500e+00
 1.1037e+00
 3.5214e-01
 4.3028e+00
 1.0482e+01
 1.5767e+01
 1.8568e+01
 1.0175e+01
 2.7411e+00
 4.8240e+00
 5.6209e+00
 4.1464e+00
 6.9127e+00
 1.0317e+01
 8.9787e+00
 8.1731e+00
 2.9649e+00
 4.8314e+00
 2.7783e+00
 1.3727e+00
 1.9067e+00
 3.1097e+00
 4.5221e+00
 5.7326e+00
 7.2722e+00
 7.8912e+00
 9.5608e+00
 1.2078e+01
 1.1207e+01
 8.4060e+00
 6.2761e+00
 5.0445e+00
 2.6421e+00
 5.1964e+00
 1.3407e+01
 1.7700e+01
 1.3702e+01
 2.5418e+01
 2.0173e+01
 7.7229e+00
 2.8439e+00
 6.0545e+00
 9.0292e+00
 1.1954e+01
 1.6354e+01
 7.7784e+00
 3.2085e+00
 4.5162e+00
 2.3679e+00
 1.4517e+00
 3.6302e+00
 5.9589e+00
 4.9711e+00
 4.7776e+00
 6.0413e+00
 7.0389e+00
 8.3693e+00
 1.0386e+01
 9.7037e+00
 8.5845e+00
 6.5055e+00
 5.1395e+00
 4.7338e+00
 1.2127e+01
 1.5426e+01
 1.8671e+01
 1.6724e+01
 2.9493e+01
 3.1173e+01
 1.8026e+01
 7.1926e+00
 2.0781e+00
 3.1961e+00
 1.1164e+01
 2.1193e+01
 1.2391e+01
 6.2333e+00
 4.4179e+00
 2.8718e+00
 3.7908e+00
 5.6779e+00
 6.3062e+00
 7.1854e+00
 1.0005e+01
 1.1721e+01
 1.1639e+01
 1.0704e+01
 9.1385e+00
 7.2730e+00
 6.0396e+00
 5.6263e+00
 8.6157e+00
 1.3427e+01
 1.2998e+01
 1.5166e+01
 1.4140e+01
 1.7352e+01
 2.3074e+01
 2.2509e+01
 1.5751e+01
 9.3006e+00
 9.2980e+00
 6.5661e+00
 8.1885e+00
 1.6962e+01
 1.4009e+01
 4.7457e+00
 1.0455e+01
 1.0289e+01
 7.1471e+00
 5.6882e+00
 6.3042e+00
 8.0732e+00
 1.1991e+01
 1.3784e+01
 1.1181e+01
 9.0351e+00
 7.7137e+00
 6.1711e+00
 5.4016e+00
 7.6937e+00
 1.3231e+01
 1.0972e+01
 1.0583e+01
 1.6853e+01
 1.5663e+01
 1.6561e+01
 1.9572e+01
 1.5860e+01
 1.5667e+01
 9.5923e+00
 1.0831e+01
 9.9036e+00
 1.0335e+01
 1.3581e+01
 1.3044e+01
 6.5923e+00
 1.2440e+01
 1.5034e+01
 1.1800e+01
 7.0320e+00
 4.5489e+00
 6.1998e+00
 1.2207e+01
 1.5046e+01
 1.1619e+01
 8.7240e+00
 7.1248e+00
 6.2592e+00
 7.4526e+00
 1.2102e+01
 1.2674e+01
 9.8985e+00
 1.2626e+01
 1.8471e+01
 1.8206e+01
 1.7967e+01
 1.7428e+01
 1.3152e+01
 1.2976e+01
 9.5806e+00
 1.2271e+01
 1.2061e+01
 1.1007e+01
 1.1752e+01
 1.0605e+01
 6.3808e+00
 1.1506e+01
 1.3577e+01
 1.1531e+01
 8.4013e+00
 6.7315e+00
 7.3218e+00
 1.0654e+01
 1.1824e+01
 9.3873e+00
 6.0063e+00
 7.5747e+00
 8.8929e+00
 1.1220e+01
 1.2459e+01
 1.0944e+01
 9.6051e+00
 1.5809e+01
 1.8835e+01
 1.6857e+01
 1.4492e+01
 1.6372e+01
 1.2683e+01
 1.1574e+01
 9.2747e+00
 1.2478e+01
 1.0648e+01
 9.6047e+00
 1.1734e+01
 1.0844e+01
 7.6993e+00
 1.0538e+01
 1.1286e+01
 1.0485e+01
 8.4765e+00
 7.7140e+00
 8.3649e+00
 9.8256e+00
 9.4808e+00
 8.2168e+00
 7.8020e+00
 9.0780e+00
 1.1713e+01
 1.3836e+01
 1.0860e+01
 8.7601e+00
 9.2748e+00
 1.7479e+01
 1.8510e+01
 1.4309e+01
 1.2695e+01
 1.5849e+01
 1.2611e+01
 1.1379e+01
 9.8114e+00
 1.2207e+01
 9.7019e+00
 9.8738e+00
 1.2168e+01
 1.1914e+01
 9.3887e+00
 1.0029e+01
 9.8554e+00
 9.3485e+00
 8.4150e+00
 8.0851e+00
 8.0913e+00
 8.6026e+00
 7.9427e+00
 7.0886e+00
 7.5431e+00
 9.6502e+00
 1.2759e+01
 1.2403e+01
 9.6298e+00
 9.1195e+00
 1.1179e+01
 1.8087e+01
 1.4810e+01
 1.0659e+01
 8.3763e+00
 1.3094e+01
 1.2758e+01
 1.1864e+01
 9.4618e+00
 1.0926e+01
 9.5339e+00
 1.0827e+01
 1.2240e+01
 1.1439e+01
 8.5508e+00
 9.3274e+00
 1.0388e+01
 9.9391e+00
 9.2527e+00
 8.6157e+00
 7.8244e+00
 6.4873e+00
 6.6866e+00
 6.5911e+00
 7.6421e+00
 1.1942e+01
 1.3403e+01
 1.2468e+01
 1.1033e+01
 1.2068e+01
 1.3100e+01
 1.5900e+01
 1.2621e+01
 1.0442e+01
 1.1846e+01
 1.6205e+01
 1.5217e+01
 1.3670e+01
 9.8645e+00
 8.6811e+00
 8.7547e+00
 1.0708e+01
 1.1273e+01
 9.9248e+00
 6.9337e+00
 8.8806e+00
 1.0156e+01
 9.7811e+00
 9.0991e+00
 8.0460e+00
 7.0477e+00
 6.1322e+00
 6.8968e+00
 7.3285e+00
 8.5123e+00
 1.1458e+01
 1.2030e+01
 1.1651e+01
 1.1536e+01
 1.2957e+01
 1.1895e+01
 1.2754e+01
 1.0895e+01
 9.8653e+00
 1.1152e+01
 1.5757e+01
 1.4912e+01
 1.2439e+01
 8.7283e+00
 8.4591e+00
 9.3924e+00
 1.1029e+01
 1.0039e+01
 8.0383e+00
 3.9290e+00
 7.3066e+00
 9.8095e+00
 9.7646e+00
 8.8160e+00
 7.5189e+00
 6.8304e+00
 6.2471e+00
 7.0202e+00
 7.4301e+00
 8.1960e+00
 1.0421e+01
 1.1098e+01
 1.1558e+01
 1.2024e+01
 1.2436e+01
 9.6462e+00
 1.0438e+01
 1.0303e+01
 9.9441e+00
 1.0962e+01
 1.5251e+01
 1.4096e+01
 1.1156e+01
 8.2580e+00
 8.9355e+00
 9.6828e+00
 1.0232e+01
 8.9581e+00
 7.9295e+00
 6.1955e+00
 8.5176e+00
 1.0284e+01
 9.7580e+00
 8.3439e+00
 7.0593e+00
 6.7918e+00
 6.3452e+00
 6.9876e+00
 7.2423e+00
 7.5615e+00
 9.6926e+00
 1.0638e+01
 1.1584e+01
 1.1989e+01
 1.1215e+01
 8.0782e+00
 9.2813e+00
 1.0227e+01
 9.9993e+00
 1.0766e+01
 1.4110e+01
 1.3029e+01
 1.0295e+01
 8.4464e+00
 9.3035e+00
 9.3192e+00
 9.0647e+00
 8.1128e+00
 7.5229e+00
 6.0140e+00
 8.4690e+00
 1.0160e+01
 9.3007e+00
 7.8973e+00
 6.9930e+00
 6.9930e+00
 6.3723e+00
 6.5597e+00
 6.1443e+00
 5.0268e+00
 8.0131e+00
 1.0190e+01
 1.1618e+01
 1.1596e+01
 1.0328e+01
 7.2920e+00
 8.5840e+00
 9.7474e+00
 9.6396e+00
 1.0144e+01
 1.2684e+01
 1.1892e+01
 9.7766e+00
 8.6489e+00
 9.2229e+00
 8.5909e+00
 8.1070e+00
 7.6633e+00
 7.4906e+00
 6.0863e+00
 8.4229e+00
 9.8666e+00
 8.7981e+00
 7.6528e+00
 7.1254e+00
 7.1182e+00
 6.2399e+00
 6.2749e+00
 6.2973e+00
 6.7910e+00
 9.3151e+00
 1.0727e+01
 1.1595e+01
 1.0973e+01
 9.7877e+00
 6.9196e+00
 7.9093e+00
 8.9978e+00
 9.1842e+00
 9.4478e+00
 1.1516e+01
 1.0898e+01
 9.4658e+00
 8.6103e+00
 8.8825e+00
 8.0075e+00
 7.5816e+00
 7.4551e+00
 7.6015e+00
 6.1096e+00
 6.5704e+00
 7.4736e+00
 6.4917e+00
 5.6986e+00
 5.3598e+00
 5.2615e+00
 5.0019e+00
 4.9246e+00
 5.0350e+00
 5.7424e+00
 9.2221e+00
 1.0501e+01
 1.0791e+01
 1.0078e+01
 9.2623e+00
 1.0105e+01
 1.0656e+01
 1.1494e+01
 1.1457e+01
 9.9193e+00
 1.0174e+01
 1.1254e+01
 1.0697e+01
 9.9185e+00
 8.2076e+00
 7.2200e+00
 6.7749e+00
 6.7892e+00
 7.1796e+00
 5.4594e+00
 6.0259e+00
 6.9151e+00
 6.2096e+00
 5.7180e+00
 5.4820e+00
 5.2966e+00
 4.8979e+00
 4.8131e+00
 5.0748e+00
 6.0059e+00
 9.4736e+00
 1.0286e+01
 1.0105e+01
 9.5968e+00
 9.1700e+00
 9.9966e+00
 1.0275e+01
 1.1079e+01
 1.1561e+01
 1.1499e+01
 1.1427e+01
 1.1370e+01
 1.0716e+01
 9.7086e+00
 7.9145e+00
 6.8744e+00
 6.3766e+00
 6.4864e+00
 6.9969e+00
 5.2060e+00
 5.4858e+00
 6.4659e+00
 6.0621e+00
 5.7720e+00
 5.5803e+00
 5.3553e+00
 4.9244e+00
 4.8835e+00
 5.3089e+00
 6.3217e+00
 9.4756e+00
 9.7619e+00
 9.5112e+00
 9.2974e+00
 9.1526e+00
 1.0059e+01
 1.0182e+01
 1.0674e+01
 1.1081e+01
 1.1089e+01
 1.1115e+01
 1.1127e+01
 1.0520e+01
 9.3722e+00
 7.5826e+00
 6.5509e+00
 6.0263e+00
 6.0241e+00
 6.1770e+00
 3.2237e+00
 3.7717e+00
 5.7881e+00
 5.9126e+00
 5.7957e+00
 5.5885e+00
 5.3272e+00
 4.9234e+00
 4.9933e+00
 5.5095e+00
 6.3109e+00
 8.9949e+00
 9.0837e+00
 9.0485e+00
 9.1196e+00
 9.2247e+00
 1.0274e+01
 1.0231e+01
 1.0299e+01
 1.0540e+01
 1.0726e+01
 1.0861e+01
 1.0793e+01
 1.0150e+01
 8.9561e+00
 7.1983e+00
 6.2120e+00
 5.7228e+00
 5.8172e+00
 6.3813e+00
 4.6364e+00
 4.7376e+00
 6.0047e+00
 5.9852e+00
 5.8065e+00
 5.5355e+00
 5.2675e+00
 4.9323e+00
 5.0684e+00
 5.4367e+00
 5.8836e+00
 8.3642e+00
 8.6181e+00
 8.8633e+00
 9.1621e+00
 9.4225e+00
 1.0491e+01
 1.0230e+01
 9.9353e+00
 1.0018e+01
 1.0377e+01
 1.0565e+01
 1.0357e+01
 9.6789e+00
 8.5299e+00
 6.8148e+00
 5.8977e+00
 5.4704e+00
 5.6150e+00
 6.2225e+00
 4.4976e+00
 6.1611e+00
 7.0356e+00
 7.0703e+00
 6.8835e+00
 6.5977e+00
 6.3349e+00
 5.1344e+00
 5.0431e+00
 4.8552e+00
 4.1410e+00
 6.4822e+00
 7.7596e+00
 8.4395e+00
 8.8932e+00
 9.1290e+00
 9.1496e+00
 8.7185e+00
 8.2738e+00
 8.2694e+00
 8.6748e+00
 8.6992e+00
 8.4039e+00
 7.7513e+00
 6.7715e+00
 5.7215e+00
 4.9293e+00
 4.5776e+00
 4.7372e+00
 5.3256e+00
 3.1942e+00
 5.8230e+00
 6.6724e+00
 6.7288e+00
 6.5501e+00
 6.2389e+00
 5.9213e+00
 4.6412e+00
 4.5280e+00
 4.6515e+00
 5.0699e+00
 7.2408e+00
 7.8241e+00
 8.3185e+00
 8.6645e+00
 8.7369e+00
 8.6170e+00
 8.1722e+00
 7.7866e+00
 7.7520e+00
 8.0763e+00
 8.1062e+00
 7.8467e+00
 7.3020e+00
 6.5404e+00
 5.6880e+00
 5.0023e+00
 4.6833e+00
 4.7800e+00
 5.2454e+00
 3.0313e+00
 5.5840e+00
 6.3539e+00
 6.3388e+00
 6.0771e+00
 5.6443e+00
 5.2142e+00
 3.8974e+00
 3.8683e+00
 4.1475e+00
 4.6798e+00
 6.8587e+00
 7.4033e+00
 7.8148e+00
 8.0237e+00
 7.9703e+00
 7.8090e+00
 7.4136e+00
 7.0486e+00
 6.7177e+00
 5.9861e+00
 6.0145e+00
 6.5610e+00
 6.3297e+00
 5.8026e+00
 5.1254e+00
 4.4972e+00
 4.1606e+00
 4.1360e+00
 4.4125e+00
 2.0639e+00
 4.5301e+00
 5.2377e+00
 5.1940e+00
 4.9388e+00
 4.5008e+00
 4.0679e+00
 2.8204e+00
 2.9271e+00
 3.3226e+00
 3.8792e+00
 5.9857e+00
 6.4242e+00
 6.7346e+00
 6.8874e+00
 6.8658e+00
 6.8439e+00
 6.6478e+00
 6.4766e+00
 6.3827e+00
 6.3965e+00
 6.3017e+00
 6.2324e+00
 6.0056e+00
 5.6466e+00
 5.1226e+00
 4.5486e+00
 4.2033e+00
 4.1043e+00
 4.2899e+00
 1.8608e+00
 4.2980e+00
 4.9741e+00
 4.9025e+00
 4.6698e+00
 4.2867e+00
 3.9155e+00
 2.7321e+00
 2.8672e+00
 3.2193e+00
 3.6710e+00
 5.6158e+00
 5.8376e+00
 5.9120e+00
 5.8600e+00
 5.7113e+00
 5.6792e+00
 5.5727e+00
 5.5079e+00
 5.5032e+00
 5.5844e+00
 5.5727e+00
 5.6601e+00
 5.6004e+00
 5.3832e+00
 4.9948e+00
 4.5008e+00
 4.1321e+00
 3.9218e+00
 3.8701e+00
 8.1054e-01
[ CPUDoubleType{2100,1} ]
