  9.2177
  8.4870
  3.6369
  1.5400
  1.0515
  0.8589
  0.7656
  0.7436
  0.8545
  1.3926
  2.4326
  3.2483
  3.9061
  4.5033
  3.6631
  3.8952
  4.9703
  4.8530
  5.7963
 10.1399
 11.9030
  9.6858
  6.7226
  5.6611
  2.4649
  1.8298
  1.4048
  1.3155
  1.1577
  1.0827
  1.0457
  0.9980
  1.0917
  1.2812
  2.1784
  5.2789
  9.5023
  9.5848
  7.5735
  8.2239
 10.2838
  9.0001
  9.5313
 14.2725
 15.6828
 12.4703
 10.2224
 10.3269
 10.3731
  6.8096
  4.2483
  2.0899
  1.5055
  1.1121
  0.9632
  0.9203
  0.9508
  1.5100
  2.9681
  4.3162
  4.9241
  4.8419
  4.7372
  5.2819
  5.6801
  5.8423
  5.8776
  6.1392
  6.2768
  5.9841
  5.6170
  4.4269
  3.2111
  1.7010
  1.3154
  1.1507
  1.0111
  0.9507
  0.9532
  0.9638
  1.0450
  1.1718
  1.2896
  1.4195
  1.4339
  1.8311
  1.9472
  1.7341
  1.6931
  1.5944
  1.5078
  1.4517
  1.4865
  1.6125
  1.9024
  2.2578
  2.2860
  1.8924
  1.6008
  1.3443
  1.3153
  1.2928
  1.3117
  1.4652
  1.6889
  2.0059
  2.4118
  2.8230
  3.9509
  5.8821
  7.2990
  8.9699
 10.4496
 13.1838
 17.4634
 20.3591
 22.7217
 23.1688
 21.5043
 20.5634
 11.2737
  7.2792
  2.0324
  2.2342
  2.2348
  1.6180
  1.4832
  1.3910
  1.4832
  1.6839
  1.9821
  3.3250
  5.9117
  7.8241
  9.0937
 10.9118
 12.2917
 15.2680
 17.3343
 22.0268
 26.5663
 31.2642
 33.5062
 37.0293
 30.9342
 11.1998
  3.2331
  1.4722
  1.0401
  0.8517
  0.8168
  1.0041
  1.1522
  1.4439
  2.7010
  5.7051
  9.3269
 12.3095
 16.4760
 20.3979
 23.6384
 25.6054
 25.8916
 25.0794
 25.0078
 26.8745
 29.0993
 30.8365
 32.3718
 12.0068
  6.1568
  4.3228
  3.5140
  2.1282
  1.7861
  1.6129
  1.6977
  1.9904
  2.6753
  3.4428
  4.9559
  7.3537
  8.8123
 13.3505
 17.6997
 21.7292
 23.9521
 27.7898
 31.4661
 33.1962
 31.2892
 27.2334
 23.5938
 16.2341
 14.8668
 11.9101
  7.6285
  4.9167
  3.6510
  4.1280
  2.8816
  3.0739
  3.5753
  5.3567
  8.4517
 10.8206
 14.2882
 20.1245
 27.2996
 32.4523
 34.6508
 31.0183
 21.3592
 13.5380
 10.6184
 10.0405
  9.8684
  9.6485
  9.5991
  7.3106
  3.2572
  2.4381
  2.0489
  1.9137
  2.1143
  2.0763
  2.8657
  4.8272
  7.2949
  9.3746
 10.9322
 12.1400
 12.0151
 12.8653
 12.8951
 12.5239
 13.7528
 15.6132
 17.4216
 18.0651
 16.6036
 11.5569
  7.3999
  3.2015
  1.5847
  1.1833
  0.9544
  0.8350
  0.9461
  1.1664
  1.6783
  3.2035
  5.5214
  7.0482
 10.8478
 13.5797
 18.2069
 20.1229
 22.4974
 16.5602
 11.2232
  9.9604
  9.7854
 10.3838
  9.1730
  6.7470
  3.1033
  1.2015
  0.7514
  0.5589
  0.4615
  0.4440
  0.4805
  0.7116
  2.0255
  3.9236
  3.3026
  1.9625
  1.6887
  1.7412
  2.0222
  2.2702
  2.6394
  3.3690
  4.4922
  6.1139
  7.3721
  7.5603
  4.9001
  3.0733
  2.1813
  1.1115
  0.8806
  0.8399
  0.8237
  0.8296
  0.8217
  0.9558
  1.2381
  1.8096
  2.7148
  1.9363
  2.5909
  2.6599
  2.7345
  2.8686
  3.0139
  3.1100
  3.2417
  3.5353
  3.7016
  3.7951
  3.9254
  2.6289
  1.5576
  1.2140
  1.0347
  0.9307
  0.9588
  0.9535
  1.0294
  1.3923
  2.8443
  4.9953
  5.5610
  6.1249
  6.9246
  8.3162
  6.1749
  6.6129
  7.7926
 14.2637
 13.0496
  6.8754
  4.7517
  3.6886
  3.0050
  2.8092
  2.0147
  1.2449
  0.9577
  0.7578
  0.6778
  0.6485
  0.7182
  1.1592
  3.6203
  5.8213
  5.0307
  5.7171
  5.0858
  4.7513
  4.7403
  4.7376
  4.4581
  4.2107
  4.2077
  4.6290
  4.2299
  5.1414
  4.6129
  2.8828
  2.1332
  1.8497
  1.6405
  1.4804
  1.4878
  1.6830
  1.6550
  1.7666
  2.4269
  4.3708
  7.6638
 11.3842
 14.5391
 18.9260
 16.4258
 10.9909
  8.0561
  6.5254
  5.3447
  4.9696
  5.1300
  6.5025
  6.6532
  2.0859
  1.5483
  1.2284
  1.1400
  1.0630
  1.0043
  1.0516
  1.2198
  1.5251
  2.0363
  3.6423
  7.6859
 11.8199
 16.1532
 17.7785
 19.7566
 22.6363
 25.1721
 26.7888
 28.9918
 34.2992
 37.4181
 34.9138
 21.1421
 12.2773
  2.1240
  0.6854
  0.1605
  0.3919
  0.5260
  0.8473
  1.1294
  1.9842
  4.2071
  7.0776
  9.6044
 13.6622
 17.7755
 19.2913
 21.3659
 20.8568
 16.3815
 15.7755
 13.4215
 10.8049
  9.6481
  8.0799
  6.7662
  1.2274
  1.3134
  1.0950
  0.9564
  0.8757
  0.8684
  0.8905
  0.8950
  0.9151
  1.0354
  1.0898
  1.0924
  1.0791
  1.0760
  1.0923
  1.0828
  1.0704
  1.0692
  0.9796
  0.9425
  0.9348
  0.9551
  0.9772
  0.9829
  0.9577
  0.9196
  0.9036
  0.8853
  0.8903
  0.8942
  0.9210
  0.9856
  1.0320
  1.1017
  1.1298
  1.1758
  1.2278
  1.2199
  1.2473
  1.2403
  1.2675
  1.2477
  1.2595
  1.2940
  1.3081
  1.3336
  1.3244
  1.2773
  1.2071
  1.1794
  1.1710
  1.1619
  1.1221
  1.1278
  1.1330
  1.2205
  1.3430
  1.6609
  1.9467
  2.2598
  2.2657
  2.4600
  2.4930
  2.5327
  2.5998
  2.5958
  2.6392
  2.7217
  2.8199
  2.8605
  2.7684
  2.4971
  1.7079
  1.2881
  1.0995
  1.0039
  0.9533
  0.9143
  0.9230
  0.9499
  1.0142
  1.0988
  1.1438
  1.1760
  1.1649
  1.1682
  1.1556
  1.1419
  1.1091
  1.1210
  1.1457
  1.1446
  1.1473
  1.1459
  1.1363
  1.1175
  1.0269
  0.9369
  0.8738
  0.8390
  0.8196
  0.8334
  0.8711
  0.9661
  1.0715
  1.1892
  1.2456
  1.2730
  1.3205
  1.4052
  1.5036
  1.7230
  1.8782
  2.1911
  2.3853
  2.5669
  2.6583
  2.3762
  2.9015
  3.0527
  2.7152
  2.0930
  1.7631
  1.6788
  1.7430
  1.9285
  2.0647
  2.2731
  2.4705
  2.7764
  4.1466
  6.4016
  8.3192
 10.7340
 12.4340
 14.7408
 16.6473
 17.1731
 16.9186
 16.2867
 13.1635
 13.8074
 14.9158
 14.0952
 10.3172
  8.0849
  6.6644
  3.1653
  2.0942
  1.4137
  1.3736
  1.5435
  2.0358
  3.7915
  6.4832
  8.1538
 10.0016
 11.2161
 12.3348
 15.5543
 17.1814
 18.0069
 15.9369
 14.4024
 13.1632
 11.7036
 10.4953
  9.1375
  5.6142
  3.4437
  1.7752
  1.1603
  0.9878
  0.9121
  0.9147
  0.9530
  1.1601
  1.7491
  3.0114
  3.6137
  3.5883
  3.6782
  3.4245
  3.1932
  3.4193
  3.3796
  3.4369
  3.4548
  3.9216
  3.9373
  3.3624
  2.2171
  1.5517
  1.2231
  1.0377
  0.9045
  0.8411
  0.8547
  0.9205
  1.0023
  1.1074
  1.3106
  1.6836
  2.0112
  2.2021
  2.3497
  2.3178
  2.2305
  2.8559
  4.0601
  5.4335
  6.3200
  7.0396
  8.6139
  8.2158
  6.6151
  3.5098
  2.6683
  2.2431
  1.9728
  1.7788
  1.6889
  1.6848
  1.8377
  2.0777
  2.7220
  3.4197
  4.1192
  5.2361
  6.1771
  7.3165
  8.2620
  9.5815
 10.8837
 12.4364
 14.0690
 14.5860
 16.0479
 16.4280
 14.9787
 11.3238
  6.1178
  3.6439
  2.8581
  2.4857
  2.0019
  1.5940
  1.3698
  1.4631
  1.5937
  1.8130
  2.1191
  4.2199
  7.7536
 11.0969
 14.5707
 17.7464
 20.0212
 22.1672
 25.8553
 28.3166
 29.8788
 27.5507
 24.6126
 19.5894
  9.3277
  3.7452
  1.7735
  1.0858
  0.7524
  0.7587
  0.7714
  0.9981
  1.9645
  4.6793
  7.0938
  7.5563
  2.6807
  3.4060
  5.1679
  6.2925
  5.6164
  4.6632
  4.1868
  3.9106
  3.4492
  3.2436
  3.2457
  1.2685
  0.6594
  0.5380
  0.4839
  0.4678
  0.4661
  0.4771
  0.5069
  0.5814
  0.9582
  1.7703
  2.1449
  2.2372
  3.1840
  4.3433
  5.5464
  6.7178
  7.6340
  8.7099
 10.2114
 11.3898
 11.4514
  8.0554
[ CPUDoubleType{744,1} ]
