-3.1154e+00
-4.2571e+00
-4.4691e+00
-4.7424e+00
-5.0738e+00
-5.3348e+00
-3.8485e+00
-2.2439e+00
-1.2645e+00
-1.3122e+00
-1.8058e+00
 1.8335e+00
 1.3233e+00
 7.6687e-01
-7.0062e-02
-5.8798e-01
-4.9949e-01
-3.1570e-01
-1.1234e+00
-1.5824e+00
-2.3636e+00
-2.4374e+00
-1.1927e+00
-5.8892e+00
-2.0891e+01
-3.0907e+01
-3.2529e+01
-1.5460e+01
 5.0293e+00
 3.6180e+00
-2.9477e+00
-4.1645e+00
-4.4629e+00
-4.8578e+00
-5.2282e+00
-5.4461e+00
-4.0165e+00
-2.1240e+00
-7.4502e-01
-1.0907e+00
-1.8050e+00
 1.8147e+00
 1.3330e+00
 7.1420e-01
-1.7042e-01
-7.9134e-01
-6.0829e-01
-8.0050e-02
-1.1946e+00
-2.1420e+00
-3.0676e+00
-3.9657e+00
-3.6995e+00
-5.2373e+00
-2.3385e+01
-3.9045e+01
-3.7173e+01
-1.2644e+01
 1.2300e+01
 6.6485e+00
-2.8232e+00
-4.0549e+00
-4.4051e+00
-4.9129e+00
-5.3535e+00
-5.5671e+00
-4.2499e+00
-2.5789e+00
-9.7507e-01
-1.2720e+00
-1.9743e+00
 1.7297e+00
 1.1718e+00
 5.3448e-01
-1.8357e-01
-9.2039e-01
-7.4073e-01
 6.6649e-02
-7.2144e-01
-2.1452e+00
-3.4347e+00
-6.1171e+00
-7.5770e+00
-6.0774e+00
-2.0865e+01
-3.7729e+01
-3.0493e+01
-6.3133e+00
 1.9507e+01
 1.2242e+01
-1.2522e+00
-3.1527e+00
-3.4501e+00
-4.0320e+00
-4.6314e+00
-4.9167e+00
-3.7599e+00
-2.5984e+00
-5.9655e-01
-5.3138e-01
-1.1985e+00
 2.0182e+00
 1.3346e+00
 7.6334e-01
 3.9249e-01
-2.5018e-01
-1.0612e-01
 9.9129e-01
 7.1416e-01
-1.2421e+00
-3.3671e+00
-5.9028e+00
-6.7365e+00
-4.8211e+00
-1.9278e+01
-3.7062e+01
-2.4486e+01
 1.1151e+00
 2.2586e+01
 1.5902e+01
-1.3522e+00
-3.1728e+00
-3.3216e+00
-3.8042e+00
-4.3340e+00
-4.5045e+00
-3.4731e+00
-3.2538e+00
-1.2325e+00
-6.3089e-01
-1.3640e+00
 1.7198e+00
 8.9803e-01
 5.2117e-01
 6.7984e-01
 1.5613e-01
 3.3096e-01
 1.5118e+00
 1.2465e+00
-1.0872e+00
-3.2585e+00
-4.3617e+00
-5.3242e+00
-4.0470e+00
-1.8449e+01
-3.7800e+01
-2.2721e+01
 3.0514e+00
 2.2619e+01
 1.6679e+01
-1.4760e+00
-3.2395e+00
-3.2259e+00
-3.5412e+00
-3.8013e+00
-3.7125e+00
-2.7015e+00
-3.0204e+00
-1.7779e+00
-4.1991e-01
-1.4409e+00
 1.4462e+00
 5.8267e-01
 3.4580e-01
 9.6030e-01
 7.9822e-01
 9.6816e-01
 1.7966e+00
 8.9836e-01
-1.1542e+00
-2.4252e+00
-3.2767e+00
-4.0094e+00
-3.2359e+00
-1.3860e+01
-3.7078e+01
-2.5923e+01
-4.6011e-01
 1.7846e+01
 1.5042e+01
-1.5607e+00
-3.2835e+00
-3.1720e+00
-3.2520e+00
-3.1468e+00
-2.7121e+00
-1.8234e+00
-2.4042e+00
-1.9489e+00
 4.9621e-01
-1.2321e+00
 1.2523e+00
 3.3889e-01
-1.7117e-01
 4.9939e-01
 7.2026e-01
 9.2454e-01
 1.0076e+00
-1.1719e-01
-8.2867e-01
-2.5729e+00
-3.3135e+00
-3.3966e+00
-3.8158e-01
 2.2400e+00
-1.8217e+01
-1.8859e+01
 1.4225e+01
 2.1118e+01
 1.4600e+01
-1.7497e+00
-3.3084e+00
-3.2880e+00
-3.1419e+00
-2.6742e+00
-1.9685e+00
-1.1701e+00
-1.7090e+00
-2.3379e+00
 1.5718e+00
-1.0627e+00
 9.8610e-01
 1.9387e-01
-8.3405e-01
-3.4611e-01
-3.5492e-01
-3.4394e-01
-2.9610e-01
-8.8748e-02
 3.6495e-03
-2.5596e+00
-2.5256e+00
-1.1510e+00
 3.3795e+00
 2.3074e+01
 3.4658e+01
 9.0316e+00
 4.7720e+01
 3.5938e+01
 1.4825e+01
-1.6197e+00
-3.3542e+00
-3.5223e+00
-3.5107e+00
-2.8657e+00
-1.9396e+00
-8.5284e-01
-1.3988e+00
-3.1388e+00
 3.6254e-03
-2.3448e+00
 3.3212e-01
 4.8802e-01
-2.3272e-01
 1.1264e-01
-4.3329e-01
-1.6309e+00
-1.6916e+00
 1.2876e+00
-1.1667e-01
-4.8142e-01
 1.4049e+00
-3.1968e-01
-6.4976e+00
 2.6409e+01
 8.4353e+01
 5.4475e+01
 6.9462e+01
 4.4513e+01
 1.4817e+01
-8.0598e-01
-2.4024e+00
-2.6807e+00
-2.9676e+00
-2.3187e+00
-7.1201e-01
 1.0010e+00
 1.0096e+00
-2.1647e+00
-2.4031e+00
-3.3464e+00
-2.3500e-01
 1.2217e+00
 1.2817e+00
 1.9121e+00
 1.1337e+00
-1.0144e+00
-1.6401e+00
-6.5846e-01
-2.9835e+00
 2.0681e+00
 6.0160e+00
-4.9837e+00
-3.5193e+01
 2.6673e+01
 1.0827e+02
 9.3667e+01
 7.2209e+01
 2.6763e+01
 4.7705e+00
-1.3461e+00
-2.5528e+00
-2.6579e+00
-2.8460e+00
-1.9622e+00
 6.3463e-01
 3.5075e+00
 4.3031e+00
-1.0115e+00
-3.3496e+00
-2.4469e+00
 8.3988e-01
 2.2958e+00
 2.7477e+00
 3.9414e+00
 3.5541e+00
 2.6341e+00
-8.7268e-01
-8.0332e+00
-3.5122e+00
 5.5386e+00
 3.5860e-01
-1.4921e+01
-3.9954e+01
 4.1760e+01
 1.2527e+02
 1.0400e+02
 4.7708e+01
-8.7833e-02
-5.8748e+00
-1.7707e+00
-2.8937e+00
-2.8030e+00
-2.9810e+00
-1.7798e+00
 1.7437e+00
 5.3896e+00
-8.2147e+00
-6.2230e+00
 1.4395e+00
-3.5057e-01
 1.9254e+00
 2.7684e+00
 3.0573e+00
 5.1891e+00
 7.3142e+00
 5.3579e+00
-1.0453e+00
-1.5211e+00
-1.2117e+01
-1.0766e+01
-3.4703e+00
 1.0235e+00
-2.3876e+01
 7.1667e+01
 1.5371e+02
 9.7140e+01
-9.1587e+00
-1.4709e+01
-2.3214e+00
-1.8065e+00
-3.1699e+00
-3.6235e+00
-3.6102e+00
-2.3379e+00
 4.1649e-01
 5.6274e+00
 6.4840e+00
-2.8270e+00
 3.6951e+00
 2.5681e-01
 2.5867e+00
 2.9839e+00
 2.4883e+00
 4.8455e+00
 7.8346e+00
-4.9503e+00
 2.2259e+00
-1.6274e+01
-8.0991e+00
 2.4416e+01
 3.2593e+01
 2.7894e+01
-8.9406e-01
 1.2000e+02
 1.4739e+02
 4.3024e+01
-5.5359e+01
-2.1795e+01
 1.8396e+01
-1.7042e+00
-2.5620e+00
-3.6329e+00
-4.9872e+00
-2.9086e+00
-8.7187e-01
 1.8990e+00
 9.0091e+00
-1.3533e+01
-3.6273e+00
 6.1731e-02
 2.5345e+00
 2.5209e+00
 7.8665e-02
 4.0035e-01
 3.5473e-01
-1.2854e+01
-7.9517e+00
 1.0368e+01
 1.9716e+01
 1.8604e+01
 2.2151e+01
 1.6435e+01
-1.2499e-01
 2.1693e+02
 9.7409e+01
-3.5826e+01
-7.1246e+01
-1.2502e+01
 5.5449e+01
-5.0146e-01
-3.9078e-01
 6.5942e-01
-1.3174e+00
-2.2120e+00
-2.4574e-01
 2.5064e+00
 4.5918e+00
-1.3885e+01
 1.2082e+00
-1.7925e+00
-9.3590e-02
 5.4558e-01
-4.3285e+00
-6.8201e+00
-5.4894e+00
-1.5378e+01
 1.2810e+01
 2.6174e+01
-9.9783e-01
 1.1746e+01
 2.0503e+01
 9.4902e+00
-6.0417e+00
 3.4595e+02
-1.2071e+01
 3.5947e+01
-4.7206e+01
 2.1891e+01
 1.7659e+01
 1.4724e+00
-7.9384e-01
 1.5587e+00
 2.6041e+00
 1.1006e+00
 2.2919e-01
 1.6718e+00
 7.3248e+00
 1.3553e+01
-4.4333e-01
-4.3818e+00
-1.6142e+00
-7.4216e-01
-5.7605e+00
-8.2307e+00
-1.8328e+00
-8.2819e+00
 1.6807e+01
 1.0765e+01
-1.8709e+01
-6.4373e-02
 9.9119e+00
-1.1994e+00
-1.5216e+01
 3.6112e+02
-6.0096e+01
 3.7226e+01
-3.4938e+01
 4.9731e+00
 8.9911e+00
 3.7951e-01
-1.3219e+00
-8.1936e-02
 8.5838e-01
 4.2682e+00
 2.3996e+00
 7.9932e-01
 2.7791e+00
 4.8611e+00
 2.9234e+00
-5.1843e+00
-3.6157e-01
-1.1197e+00
-4.1191e+00
-3.1046e+00
 7.6854e-01
 3.6096e+00
-3.0623e+01
-3.3121e+01
-1.6487e+01
-7.4602e-02
 2.1024e+00
-9.7179e+00
-1.8604e+01
 2.3790e+02
 4.6442e+00
-8.9952e+01
-7.6009e+01
-2.0732e+01
-1.6455e+00
-2.7554e+00
-3.0989e+00
-1.6335e+00
-2.5957e+00
 3.8130e+00
 1.1061e+00
 1.1210e+00
-3.8217e+00
 8.8056e-01
-4.7228e+00
 9.6299e+00
-2.1904e-01
-4.4713e-01
-8.8260e-01
 1.8412e+00
-4.1316e+00
-2.7781e+01
-1.8622e+01
-1.2645e+01
-8.8241e+00
 1.9675e+00
 7.0911e+00
 2.5250e+00
 6.4008e-01
 1.3938e+02
 2.0251e+01
-8.4596e+01
-5.7716e+01
-2.4454e+01
-4.4963e+01
 2.8456e+00
-3.1132e+00
-7.4294e+00
-5.0736e+00
 7.8764e-01
-2.5411e+00
-1.8605e+00
-6.0462e+00
-2.6123e+01
-5.4602e+00
 2.2842e+00
-1.0467e+00
-4.7836e-01
 1.1863e+00
 1.7006e+00
 1.6322e+00
-2.7710e+01
-7.7442e+00
 1.9769e+01
 2.9665e+01
 2.2331e+01
 2.7595e+01
 1.7243e+01
 3.6973e+01
 6.3165e+01
-1.8715e+01
 7.6843e+01
 1.0385e+01
-6.5797e+01
-9.3564e+01
-9.7562e-01
 1.6426e+00
 4.1927e+00
 1.1335e+00
-5.9839e+00
-1.1190e+01
-1.3861e+01
-2.8399e+00
-7.0592e+00
 2.4283e+01
 3.1898e+00
 6.0310e-01
-4.1323e+00
-9.8307e-01
 5.7076e-01
-6.6621e+00
 4.7307e+01
 5.7473e+01
 3.6406e+01
 2.7029e+01
 2.8795e+01
 5.7562e+01
 4.1519e+01
 6.6901e+01
 1.4157e+01
-5.2301e+01
 1.6598e+02
 5.0158e+01
 1.9524e+01
-4.2768e+01
 7.5483e-01
-2.3828e+00
-4.7098e+00
-5.2826e+00
 2.5757e+00
 6.5090e+00
 1.4529e+01
 1.7666e+01
-4.2854e+00
 1.3513e+01
 3.0405e+00
 1.6061e+00
-1.5327e+00
 5.2950e+00
 9.2018e+00
 1.6319e+01
-9.1193e-01
 1.1100e+01
 3.4075e+01
 1.5156e+01
 2.4708e+01
 3.3013e+01
 2.3290e+01
 7.1909e+01
 2.6439e+01
 1.5044e+02
 3.7643e+02
 2.3732e+02
 8.9454e+01
-4.6753e+01
-8.4703e+00
-1.3011e+01
-1.1580e+01
-4.3237e+00
-7.6999e-01
-4.0917e+00
-5.3184e+00
 8.5409e+01
-1.0919e+02
 3.4432e+00
 3.3257e+01
-3.5480e+00
 4.2506e-01
-2.5861e+00
-9.3657e+00
 7.3314e+00
-3.5984e+01
 1.9943e+01
 1.8906e+01
 2.1011e+01
-4.5886e+00
 2.8024e+00
-5.4734e+00
-7.8234e+00
 5.7910e+00
 3.5976e+02
 7.1116e+02
 2.0196e+02
 1.1584e+02
-1.3203e+01
 4.9729e-01
-3.3961e+00
-6.4371e+00
-1.1442e+01
-1.6843e+01
-2.1273e+01
-3.5824e+01
-6.0126e+01
 5.7233e+01
 2.0373e+01
 1.1034e+01
-3.0775e+01
 2.0105e+00
 1.7174e-01
 5.3186e+00
 9.1764e+00
 3.9294e+01
 3.4515e+01
-9.1124e+00
-4.6295e+01
-4.3426e+01
-1.6718e+01
-2.1924e+01
-2.8885e+01
-6.3663e+00
 7.4850e+02
 3.8650e+02
-1.1229e+02
 1.2715e+02
 6.0899e+01
 1.5036e+01
 1.1988e+01
 9.2233e+00
 2.8528e+00
-5.6439e+00
-4.4930e+00
 2.8982e+01
-2.5802e+01
 9.2639e+01
 1.3982e+01
-2.2707e+01
 1.8344e+00
 7.8379e+00
 3.1515e+00
-3.0988e+01
 2.5515e+01
 1.2450e+01
-4.5934e+01
-7.6063e+01
-8.8324e+01
-3.5389e+01
 2.3966e+01
 1.3453e+01
 3.2283e+00
 2.5919e+01
 1.3807e+03
-4.5820e+02
-1.5779e+02
 1.5474e+02
 1.5917e+02
-1.2050e+01
-1.4845e+01
-1.8520e+01
-1.2406e+01
-2.7825e+00
-5.0406e+00
-5.7792e+01
 1.3230e+02
 8.5913e+02
 7.3383e+01
 6.1613e+01
-2.4720e+01
-3.3937e+00
-2.2730e+00
 3.2212e+01
-8.9556e+01
-3.8247e+01
-3.7608e+00
 2.0182e+01
 1.4734e+01
 3.2169e+01
 5.5401e+01
 3.0475e+01
 7.6292e+00
 1.4825e+01
 1.1988e+03
-4.2350e+02
-1.4397e+02
-6.5721e+01
 2.1892e+02
-4.6838e+00
-9.0872e+00
-1.2796e+01
-2.2571e+01
-4.5530e+01
-7.4244e+01
 1.6201e+01
 2.2893e+02
-3.1154e+01
-8.3180e+01
 1.4802e+01
 8.5413e+00
 4.4499e+00
-8.0689e-01
-1.3328e+01
 7.3321e+01
 7.6271e+01
 5.5412e+01
 6.8068e+01
 5.2307e+01
 3.8892e+01
 6.7290e+01
 3.8701e+01
-2.9428e+01
 6.4119e+01
 4.5883e+02
-1.2041e+02
-2.7664e+01
-1.3158e+02
 1.5670e+02
-4.6323e+00
-8.1859e+00
-8.6886e+00
-7.6571e+00
-1.8452e+00
 9.1384e+01
 7.7861e+01
-4.6336e+01
 6.4203e+00
-4.7744e+00
-1.5576e+01
-7.9715e+00
-8.8575e+00
 1.4807e+00
 1.1285e+01
-9.2614e-01
-4.4387e+01
 2.8443e+01
 2.9623e+01
 9.8220e-01
 1.3553e+01
 2.1888e+01
 3.4782e+01
-4.9189e+00
 1.6730e+01
 3.3478e+02
 9.0638e+01
 7.9856e+01
-8.7503e+01
 1.5891e+01
-7.9443e+00
-6.1164e+00
-2.6576e+00
 5.8671e+00
 5.0832e+01
 6.9193e+01
 6.0641e+00
-2.1305e+01
 2.6792e+01
 1.1326e+01
 1.7369e+00
 4.6613e+00
 1.0329e+01
 1.0565e+01
 1.0480e+01
-5.5159e+00
 1.8538e-01
-1.9167e+01
-3.5176e+00
 1.3037e+01
 1.1829e+01
 1.8407e+00
 4.2658e+00
-5.3622e+01
 7.8326e+01
 1.3426e+02
-1.3353e+02
-7.0494e+01
-3.7199e+01
-4.6487e+01
 1.1137e+00
 6.3786e+00
 8.0240e+00
 2.8199e+01
 5.4832e+01
 2.8002e+01
-4.2981e+01
 1.6862e+01
 1.2773e+00
 1.8717e+01
-3.8746e+00
-1.6925e+00
-1.9218e+00
-8.7447e-01
-1.4931e+00
-4.2892e+00
 1.3951e+01
 1.6372e+00
-1.0719e+01
-1.9259e+01
 4.8738e+01
 9.8680e+00
-3.8477e+01
 2.0402e+01
 8.5997e+01
 6.4542e+01
 2.9508e+01
-7.1753e+00
 2.6459e+01
-1.8849e+01
 9.0117e+00
 2.7033e+00
 6.4531e+00
 2.9992e+01
 1.8365e+01
-1.8402e+01
-7.9308e+00
 9.0827e+00
-3.6486e+00
-2.8121e+00
 2.2976e+00
-2.1237e+00
-1.8078e+00
-1.2048e+00
-4.8856e+00
-1.1006e+01
-3.3892e+00
 1.8185e+00
-9.5760e+00
-1.4179e+01
-3.0689e+00
 3.3875e+01
-2.5651e+01
 2.7277e+01
-9.8351e+00
-8.9788e+01
 6.8243e+00
-7.5332e+01
 1.2736e+01
-5.2759e+00
-5.8519e+00
-1.4817e+01
 1.0140e+01
 2.5093e+01
 1.1323e+01
-1.1381e+01
-6.4820e+00
-1.3785e+01
 4.1258e+00
-2.6489e+00
 4.3955e-02
-3.8335e+00
-5.5862e-01
-3.8617e+00
-1.0433e+01
-5.4862e+00
-4.6810e+00
 2.9837e+00
 9.6456e+00
-7.0435e+00
 3.1880e+00
 4.7801e+00
 1.4970e+01
 1.0508e+01
-8.5351e-01
 1.6317e-01
-3.6344e+01
 4.9878e-01
 1.6849e+01
 1.1341e+01
-1.7972e+01
-4.9771e+00
 2.8647e+01
 2.9138e+01
 2.1056e+00
-1.0623e+01
-1.0495e+01
-1.6652e+00
 1.5300e+00
-1.3031e+00
-7.4775e-01
-3.0935e-01
 1.6860e+00
 8.1947e-01
-5.6109e+00
-4.7927e+00
-3.0369e+00
 1.8788e+00
 6.8076e+00
-3.6585e+00
 3.5932e-01
-7.1892e-01
 1.5686e+01
 9.7764e+00
-1.7886e+00
 1.2314e+01
-1.0575e+01
-5.5220e+01
 8.9364e+00
 6.5482e+00
-1.3537e+01
 1.3111e+01
 2.5381e+01
 2.2901e+01
-8.0587e+00
-9.0634e+00
-9.1491e+00
 4.9745e+00
-4.0722e+00
-9.6410e-01
 3.6999e-01
 1.2235e+00
 2.1689e+00
 3.8351e+00
 3.5882e+00
-6.4329e-01
 7.6396e-01
-2.0191e-01
 5.5807e+00
-5.5675e+00
-5.0776e+00
 3.0064e+00
-4.8336e+01
 1.3954e+01
-1.3149e+01
 1.8917e+01
-3.3716e+01
-3.6389e+01
 7.6243e-01
 1.3377e+01
-3.6271e+00
 1.1817e+01
 1.7853e+01
 8.9110e+00
-7.1657e+00
-7.9160e+00
-4.6215e+00
 4.6466e+00
-5.5769e+00
-1.9410e-01
 2.4508e-01
 2.8294e+00
 2.3860e+00
 4.1681e+00
 5.4544e+00
 1.6657e+00
-2.0504e+00
 3.1264e-01
 6.5591e+00
 1.8376e+00
 1.9626e+01
 3.0353e+01
-1.1975e+01
 4.8202e+00
 7.3714e+00
 9.1895e+00
-2.4732e+01
-9.7189e+00
-4.5710e+00
 2.3563e+01
-1.5959e+00
 9.1126e+00
 1.1482e+01
 1.9089e+00
-6.2516e+00
-7.7949e+00
-5.0207e-02
 1.2808e+00
-3.8431e+00
-3.6646e-01
 9.5697e-02
 3.1712e+00
 2.4570e+00
 2.0825e+00
 3.7103e+00
 2.3988e+00
 4.9719e-01
 5.6046e-01
 5.6385e+00
 2.4884e+00
 1.0067e+01
 8.1808e+00
-6.8946e+00
-4.0936e+00
-7.0351e+00
 7.0355e+00
-3.3927e+01
 1.0807e+01
-2.5682e+00
 3.4392e+00
-9.4540e-02
 8.1872e+00
 8.1602e+00
 5.9915e-01
-5.1629e+00
-6.6659e+00
 4.4215e-01
 1.3956e+00
-8.5735e-01
-1.5661e+00
 3.5961e-01
 8.0693e-01
 1.0507e+00
 1.1812e+00
 4.5415e+00
 5.5776e+00
 3.9556e+00
 1.6171e+00
-2.4403e-01
-9.4479e+00
 1.1089e+01
 1.6957e+01
-1.4346e+01
 3.9539e+00
-2.2779e+00
 4.6227e+00
-2.6839e+01
 6.0963e+00
-8.3053e+00
 9.6367e+00
 2.1028e+00
 8.3379e+00
 8.0478e+00
 1.1636e+00
-3.7531e+00
-5.1951e+00
 6.9176e-01
 4.4853e+00
 2.4967e+00
-1.2581e-01
 9.0968e-01
 1.6779e+00
-9.2015e-01
-7.5666e-01
 4.1446e-01
 3.4511e+00
 3.5628e+00
 2.6671e+00
 5.0653e+00
-7.8728e+00
-2.0128e+00
 1.5381e+01
-1.1696e+01
-1.4612e+01
 5.0202e+00
 4.9700e+00
-1.2727e+01
 4.3159e+00
-6.7016e+00
 1.5417e+01
 2.5560e+00
 6.3406e+00
 6.8158e+00
 1.2906e+00
-3.1126e+00
-4.4943e+00
-1.7210e-01
 4.0222e+00
 2.1893e+00
-2.4693e-01
 1.3534e+00
 2.9959e+00
 1.7271e+00
 6.3680e-01
 1.4761e+00
 5.0271e+00
 3.6973e+00
 7.8334e-01
-1.6552e+00
-5.0995e+00
-2.3275e+00
 1.5797e+01
 1.1178e+01
-2.1241e+01
-2.7717e+00
-1.7787e+00
-1.7964e+01
-8.7126e+00
-6.0209e+00
 5.5824e+00
 2.4041e+00
 5.0982e+00
 5.4136e+00
 1.7855e+00
-1.5313e+00
-3.0877e+00
 2.3727e-01
 3.5314e+00
 1.4705e+00
-1.5536e+00
 1.5682e+00
 4.9382e+00
 3.5982e+00
 1.3761e+00
 2.5343e-01
 4.9778e+00
 8.8068e+00
 7.6195e+00
 1.9121e+00
-7.8429e+00
 2.2148e+00
 1.9054e+01
 1.9831e+01
-2.0013e+01
 4.1790e+00
-2.1454e+00
-1.3695e+01
-1.7738e+01
 5.4352e-01
 3.4756e+00
 1.2875e+00
 3.9223e+00
 4.8279e+00
 2.6302e+00
 4.0665e-01
-1.3970e+00
 1.0076e+00
 4.2160e+00
 3.3791e+00
-1.4328e+00
-3.2675e+00
-1.2381e+00
-1.1293e+00
-1.0814e+00
 4.9173e-02
 9.8220e-01
 4.9105e+00
 6.0710e+00
 8.1456e+00
-3.0776e+00
 5.2079e+00
 5.7298e+00
 1.7652e+01
 9.8350e+00
-2.7362e+00
 2.7552e+01
-8.3043e+00
-6.5968e+00
 1.0148e+01
-5.5899e+00
 2.7696e-01
 2.3203e+00
 3.6293e+00
 2.6503e+00
 9.7776e-01
-6.8822e-01
 5.7651e-01
 3.1056e+00
 3.1053e+00
-9.3712e-01
-1.7824e+00
-5.8661e-01
-5.4006e+00
-2.9188e+00
-1.0549e+00
 7.6672e-01
 2.5888e+00
 8.0568e+00
 1.0279e+01
 2.8519e+00
 1.3935e+01
 1.5471e+01
 2.5365e+01
 6.3823e+00
 2.9126e+00
 8.7835e+00
 2.0303e+01
 1.2089e+00
 1.3736e+01
-1.0011e+01
 8.6860e-02
 1.4297e+00
 2.2124e+00
 1.6740e+00
 1.3433e+00
-5.4349e-01
-7.2008e-01
 2.1148e+00
 4.1796e+00
 1.0792e+00
 8.5429e-01
-1.5325e-01
 2.9171e+00
 1.1702e+00
-5.5595e-01
 1.2351e+00
 2.6437e+00
 6.0835e+00
 8.7199e+00
-6.5950e+00
 2.3265e+01
 1.1510e+01
-1.0295e+01
 1.8448e+00
 8.2533e+00
-1.8715e+00
 7.0332e-01
 1.4032e+01
 6.7309e-01
-9.5091e+00
 2.9254e-01
 1.0095e+00
 1.8179e+00
 1.8223e+00
 9.0809e-01
 6.8571e-01
 1.1143e+00
 3.3665e+00
 4.2429e+00
 2.6826e-01
 1.5427e-01
 1.2880e+00
 4.2650e+00
 3.6136e+00
 3.8526e+00
 8.1300e+00
 7.3917e+00
 7.8351e+00
-1.8386e+00
-1.2688e+01
 1.2234e+01
 1.1972e+01
-3.6477e+00
 2.6085e+00
 1.7855e-01
 5.9412e-01
-4.3434e-01
-1.1658e+00
 1.2408e+01
-9.5132e+00
 4.2224e-01
 1.0917e+00
 1.7557e+00
 1.9121e+00
 1.0212e+00
-6.2212e-02
 4.2225e-01
 3.5424e+00
 7.4183e+00
 5.6720e+00
 3.2190e+00
 2.3047e+00
 3.9072e+00
 6.7284e+00
 1.0263e+01
 8.3875e+00
 7.4945e+00
 3.7736e+00
 4.0440e+00
-8.9751e+00
 2.0843e+01
-9.6392e+00
 1.9088e+00
 6.7527e+00
-2.6440e+00
-6.6868e-01
-6.4315e-02
 1.0392e+01
 1.0397e+01
 1.5219e+00
 8.0090e-01
 8.1581e-01
 9.9408e-01
 1.9942e+00
 1.3935e+00
-2.8254e-01
-8.3716e-01
 8.2700e-01
 2.1092e+00
 1.1771e-01
 2.5676e-01
 1.1419e+00
 4.3435e+00
 6.7929e+00
 7.1851e+00
 4.1727e+00
 5.9753e+00
 1.3109e+01
 6.1847e+00
 1.6394e+00
 2.5901e+01
 4.9820e-01
-8.1939e+00
 8.8387e-02
 1.6786e+01
 2.7770e+00
-2.3633e+00
-3.7439e+00
 2.5492e+00
 2.4549e-01
 9.3932e-01
 1.0249e+00
 1.3696e+00
 2.7416e+00
 2.7380e+00
 1.5699e+00
 9.8946e-01
 2.3182e+00
 4.4057e+00
 4.0178e+00
 2.3598e+00
 1.9463e+00
 4.7349e+00
 5.5180e+00
 5.4000e+00
 3.5651e+00
 6.1736e+00
 1.1117e+01
 1.0137e+01
 2.0323e+01
 7.0032e+00
 7.5478e+00
 8.2558e+00
 8.4458e-01
-1.1166e+01
 3.6973e+00
 7.2665e+00
 6.8742e+00
 1.2272e+01
-4.1045e+00
 1.2678e+00
 1.1960e+00
 1.7609e+00
 3.0640e+00
 3.2752e+00
 2.0755e+00
 1.2990e+00
 2.0580e+00
 3.6030e+00
 4.7194e+00
 4.1104e+00
 4.0841e+00
 4.3366e+00
 6.1396e+00
 7.8671e+00
 7.2086e+00
 9.7403e+00
 1.7193e+01
 2.1303e+01
 1.4457e+01
 2.3430e+01
 1.9225e+01
-1.2224e+00
 3.4669e+00
 1.1498e+01
 1.4337e+01
 9.2018e+00
 2.7177e+01
 3.8490e+00
-7.1869e+00
 1.3565e+00
 1.4478e+00
 1.5341e+00
 2.5139e+00
 3.3388e+00
 2.2092e+00
 1.1434e+00
 4.9275e-01
 1.6259e+00
 3.6624e+00
 4.5171e+00
 6.1982e+00
 7.4357e+00
 6.2760e+00
 5.1349e+00
 4.4697e+00
 1.3552e+01
 1.2550e+01
 1.6249e+01
 9.1543e+00
 2.7314e+01
 3.8439e+01
 1.9885e+01
 2.8935e+00
-3.5734e+00
-2.3905e+00
 7.9779e+00
 5.1413e+01
 9.6159e+00
-1.1058e+00
 2.3737e+00
 2.5941e+00
 2.4978e+00
 3.0160e+00
 3.6068e+00
 3.5035e+00
 3.0560e+00
 2.2595e+00
 3.3961e+00
 7.0216e+00
 7.8711e+00
 5.9619e+00
 4.6499e+00
 4.1220e+00
 7.4556e+00
 1.2436e+01
 1.1448e+01
 2.0389e+01
 6.9116e+00
 1.2673e+01
 1.7888e+01
 2.9102e+01
 1.2888e+01
 8.5926e+00
 1.2069e+01
 5.2022e+00
-2.0443e+00
 2.4284e+01
 1.7520e+01
 4.1800e+00
 2.3913e+00
 2.5651e+00
 2.2204e+00
 2.5466e+00
 3.1677e+00
 3.3720e+00
 3.6572e+00
 3.6163e+00
 5.0514e+00
 7.4142e+00
 6.2207e+00
 4.0469e+00
 2.5106e+00
 5.5879e+00
 1.4120e+01
 1.0865e+01
 1.3317e+01
 2.0411e+01
 9.8754e+00
 1.3928e+01
 1.7538e+01
 9.5655e+00
 1.3538e+01
 1.0779e+01
 1.3861e+01
 1.4794e+01
 4.3955e+00
 1.2406e+01
 1.1064e+01
-5.2809e+00
 2.4108e+00
 2.8082e+00
 2.6099e+00
 2.4851e+00
 2.6419e+00
 3.0167e+00
 4.0878e+00
 4.6760e+00
 4.8653e+00
 6.1058e+00
 5.6979e+00
 4.9384e+00
 5.7433e+00
 1.3200e+01
 1.2127e+01
 1.2472e+01
 8.9830e+00
 2.0474e+01
 1.2894e+01
 2.0950e+01
 9.6331e+00
 5.2419e+00
 1.1556e+01
 1.0967e+01
 1.3128e+01
 1.2224e+01
 8.9503e+00
 9.4580e+00
 1.1366e+01
-1.4170e+01
 2.3331e+00
 2.8428e+00
 2.6397e+00
 2.4357e+00
 2.4437e+00
 2.7922e+00
 4.0523e+00
 4.2799e+00
 4.3692e+00
 5.1070e+00
 5.0099e+00
 5.1456e+00
 7.8561e+00
 1.3216e+01
 1.3298e+01
 4.6499e+00
 1.6101e+01
 1.8339e+01
 1.7215e+01
 1.0444e+01
 1.2794e+01
 6.6861e+00
 9.9573e+00
 6.1856e+00
 1.3142e+01
 9.0954e+00
 7.2493e+00
 9.0690e+00
 5.0740e+00
-9.6135e+00
 2.3575e+00
 2.5998e+00
 2.4991e+00
 2.3951e+00
 2.4621e+00
 2.7470e+00
 3.7997e+00
 4.0950e+00
 3.9782e+00
 4.0198e+00
 3.5614e+00
 3.9671e+00
 1.4016e+01
 1.2555e+01
 6.0927e+00
 4.5002e+00
 2.0924e+01
 2.0007e+01
 9.5347e+00
 9.7595e+00
 1.6888e+01
 6.1782e+00
 7.9513e+00
 5.6261e+00
 1.1319e+01
 7.0106e+00
 5.8593e+00
 6.7740e+00
 3.5015e+00
-9.3016e-01
 2.2309e+00
 2.5508e+00
 2.6285e+00
 2.5696e+00
 2.5825e+00
 2.6450e+00
 3.4018e+00
 3.3453e+00
 3.0895e+00
 3.0367e+00
 2.5315e+00
 1.0746e+01
 1.3920e+01
 5.7031e+00
 6.5014e+00
 8.4080e+00
 2.5316e+01
 1.2177e+01
 7.0088e+00
 1.1196e+01
 1.8394e+01
 4.3286e+00
 7.7571e+00
 5.4448e+00
 7.3529e+00
 5.1365e+00
 6.6949e+00
 4.7719e+00
 2.6188e+00
-8.2208e-01
 2.1545e+00
 3.5868e+00
 3.6146e+00
 3.5202e+00
 3.3953e+00
 3.0225e+00
 1.8234e+00
 1.9372e+00
 2.1108e+00
 2.2601e+00
 8.8294e+00
 1.3671e+01
 9.2683e+00
 7.9615e+00
 1.0418e+01
 1.3626e+01
 1.7844e+01
 8.7240e+00
 8.2478e+00
 1.1682e+01
 2.0423e+01
 4.8626e+00
 9.2129e+00
 4.8478e+00
 4.1564e+00
 2.5672e+00
 6.3164e+00
 3.9129e+00
 1.2950e+00
-3.1247e+00
 1.9898e+00
 3.3570e+00
 3.3809e+00
 3.2085e+00
 2.9253e+00
 2.6486e+00
 1.5594e+00
 1.8964e+00
 2.2580e+00
 5.2745e+00
 9.4612e+00
 8.6838e+00
 8.4733e+00
 9.6379e+00
 1.2865e+01
 1.0296e+01
 1.1900e+01
 8.8614e+00
 9.4339e+00
 1.0989e+01
 1.9893e+01
 5.3178e+00
 7.5732e+00
 3.0497e+00
 3.1608e+00
 2.3560e+00
 5.3679e+00
 4.7022e+00
 1.2478e+00
-3.3366e+00
 1.9152e+00
 3.1766e+00
 3.2585e+00
 3.0658e+00
 2.8202e+00
 2.6414e+00
 1.6117e+00
 1.9229e+00
 3.9355e+00
 6.4383e+00
 6.7271e+00
 7.2543e+00
 9.0539e+00
 1.1077e+01
 1.1277e+01
 6.0728e+00
 9.2143e+00
 1.0633e+01
 1.0354e+01
 1.0228e+01
 1.8269e+01
 6.7108e+00
 5.7062e+00
 2.2805e+00
 3.3671e+00
 3.0938e+00
 4.0339e+00
 4.8956e+00
 2.2077e+00
-2.8327e+00
 1.8706e+00
 3.1329e+00
 3.2628e+00
 3.1321e+00
 2.9359e+00
 2.7106e+00
 1.6205e+00
 2.8537e+00
 5.1729e+00
 4.8033e+00
 6.0269e+00
 7.0448e+00
 9.3291e+00
 1.0654e+01
 8.1353e+00
 4.3770e+00
 8.8044e+00
 1.1902e+01
 1.0185e+01
 9.8988e+00
 1.4827e+01
 7.9500e+00
 4.2822e+00
 2.6403e+00
 3.8918e+00
 3.6583e+00
 3.8816e+00
 4.3259e+00
 3.2031e+00
-1.8777e+00
 1.9787e+00
 3.1572e+00
 3.2743e+00
 3.2413e+00
 3.0249e+00
 2.6570e+00
 1.9801e+00
 4.0610e+00
 4.0400e+00
 3.8242e+00
 5.8707e+00
 6.9514e+00
 9.1404e+00
 9.0285e+00
 6.7275e+00
 4.5063e+00
 8.6768e+00
 1.1364e+01
 9.5172e+00
 9.3022e+00
 1.1873e+01
 8.3477e+00
 3.5990e+00
 3.4158e+00
 4.3783e+00
 4.0674e+00
 3.9628e+00
 3.8015e+00
 3.3128e+00
-4.0012e-01
 2.0822e+00
 3.1978e+00
 3.2657e+00
 3.2491e+00
 2.9214e+00
 2.6760e+00
 3.0029e+00
 3.5181e+00
 3.1604e+00
 3.3978e+00
 5.6624e+00
 6.9125e+00
 8.4047e+00
 7.6636e+00
 6.7006e+00
 5.2565e+00
 8.0563e+00
 1.0001e+01
 9.0277e+00
 8.6847e+00
 1.0303e+01
 8.1439e+00
 3.6081e+00
 4.0588e+00
 4.7917e+00
 4.3238e+00
 3.9794e+00
 3.4851e+00
 3.0012e+00
 3.2697e-01
 5.6000e-01
 1.2842e+00
 1.2486e+00
 1.1372e+00
 7.2198e-01
 1.3890e+00
 2.1058e+00
 1.9887e+00
 1.7705e+00
 2.0666e+00
 5.1549e+00
 6.5037e+00
 7.1178e+00
 6.7642e+00
 6.9678e+00
 9.1638e+00
 1.0631e+01
 1.2206e+01
 1.2113e+01
 1.1294e+01
 1.0607e+01
 9.4377e+00
 5.5810e+00
 5.8891e+00
 4.7512e+00
 4.0893e+00
 3.3537e+00
 2.7453e+00
 2.5092e+00
-1.3703e-01
 5.4295e-01
 1.2054e+00
 9.7795e-01
 5.8648e-01
 9.1860e-01
 1.7893e+00
 1.9673e+00
 1.7960e+00
 1.6440e+00
 1.9878e+00
 5.1783e+00
 6.1587e+00
 6.2101e+00
 6.7412e+00
 7.6091e+00
 9.3485e+00
 1.0059e+01
 1.1485e+01
 1.1882e+01
 1.0894e+01
 1.0058e+01
 9.6200e+00
 6.3216e+00
 6.1097e+00
 4.8549e+00
 3.9832e+00
 3.0287e+00
 2.5365e+00
 2.5254e+00
-2.1536e-01
 5.1586e-01
 1.0654e+00
 5.6489e-01
 2.5266e-01
 1.0377e+00
 1.9647e+00
 1.9546e+00
 1.7616e+00
 1.7326e+00
 2.3534e+00
 5.2642e+00
 5.5012e+00
 5.9211e+00
 7.1255e+00
 8.1533e+00
 9.6624e+00
 1.0027e+01
 1.0904e+01
 1.1449e+01
 1.0629e+01
 9.8337e+00
 9.6000e+00
 7.1656e+00
 6.0827e+00
 4.5999e+00
 3.6150e+00
 2.7823e+00
 2.4199e+00
 2.3775e+00
-2.7499e-01
 4.9096e-01
 8.8256e-01
 3.6324e-02
 2.1407e-01
 1.1116e+00
 2.0090e+00
 2.0285e+00
 2.0029e+00
 2.2193e+00
 2.6486e+00
 4.8500e+00
 5.0480e+00
 6.1806e+00
 7.6372e+00
 8.6524e+00
 1.0166e+01
 1.0277e+01
 1.0454e+01
 1.0789e+01
 1.0360e+01
 9.6937e+00
 9.4665e+00
 7.8134e+00
 5.9882e+00
 4.2103e+00
 3.1776e+00
 2.5177e+00
 2.2572e+00
 2.1144e+00
-3.4473e-01
 3.9391e-01
 6.8590e-01
-1.4195e-01
 2.2904e-01
 1.2386e+00
 2.1708e+00
 2.2929e+00
 2.4118e+00
 2.4754e+00
 2.3338e+00
 4.4279e+00
 5.2456e+00
 6.7286e+00
 8.1498e+00
 9.1276e+00
 1.0606e+01
 1.0430e+01
 9.9986e+00
 9.9815e+00
 1.0043e+01
 9.6478e+00
 9.3946e+00
 8.3438e+00
 6.0067e+00
 3.9413e+00
 2.7757e+00
 2.1783e+00
 1.9741e+00
 1.8817e+00
-3.3882e-01
 1.8914e+00
 1.7006e+00
 1.1837e+00
 1.6591e+00
 2.7521e+00
 3.6395e+00
 2.8736e+00
 2.7670e+00
 2.5122e+00
 2.4270e+00
 4.5216e+00
 5.7075e+00
 7.1283e+00
 8.3605e+00
 9.1986e+00
 9.5966e+00
 9.1573e+00
 8.4324e+00
 8.2878e+00
 8.7676e+00
 8.6044e+00
 8.2485e+00
 7.3195e+00
 5.0193e+00
 3.0890e+00
 1.7550e+00
 1.1402e+00
 1.0518e+00
 1.2157e+00
-1.1438e+00
 1.8429e+00
 1.7909e+00
 1.5920e+00
 2.0113e+00
 2.8747e+00
 3.5084e+00
 2.5894e+00
 2.4143e+00
 2.3925e+00
 2.7750e+00
 5.1335e+00
 6.1787e+00
 7.2960e+00
 8.2589e+00
 8.8401e+00
 9.0410e+00
 8.5659e+00
 8.0009e+00
 7.9766e+00
 8.6126e+00
 8.7089e+00
 8.1963e+00
 7.2310e+00
 5.0708e+00
 2.9025e+00
 1.4164e+00
 8.6878e-01
 9.9869e-01
 1.4121e+00
-8.7487e-01
 1.8166e+00
 1.9329e+00
 1.8046e+00
 2.0531e+00
 2.6170e+00
 3.1115e+00
 2.2648e+00
 2.3688e+00
 2.7020e+00
 3.2721e+00
 5.4881e+00
 6.1973e+00
 6.9645e+00
 7.6207e+00
 7.9840e+00
 8.1504e+00
 7.8910e+00
 7.6748e+00
 7.7937e+00
 8.2173e+00
 8.2887e+00
 7.7623e+00
 6.7331e+00
 4.9627e+00
 2.6937e+00
 1.1694e+00
 8.0251e-01
 1.1510e+00
 1.7003e+00
-6.2725e-01
 1.6785e+00
 1.9126e+00
 1.7806e+00
 1.8984e+00
 2.2886e+00
 2.7924e+00
 2.1761e+00
 2.5486e+00
 2.9962e+00
 3.4729e+00
 5.4557e+00
 5.8844e+00
 6.3513e+00
 6.7437e+00
 6.9465e+00
 7.1720e+00
 7.2011e+00
 7.2411e+00
 7.3667e+00
 7.5724e+00
 7.5179e+00
 7.0013e+00
 5.9631e+00
 4.5646e+00
 2.5930e+00
 1.2115e+00
 9.8826e-01
 1.4251e+00
 1.9930e+00
-3.9765e-01
 1.5799e+00
 1.9151e+00
 1.7810e+00
 1.8397e+00
 2.1487e+00
 2.7001e+00
 2.2440e+00
 2.7108e+00
 3.0980e+00
 3.4312e+00
 5.2406e+00
 5.4375e+00
 5.6295e+00
 5.7835e+00
 5.8800e+00
 6.2098e+00
 6.4734e+00
 6.5996e+00
 6.6308e+00
 6.6645e+00
 6.4892e+00
 6.0665e+00
 5.1649e+00
 4.1092e+00
 2.6522e+00
 1.4986e+00
 1.3333e+00
 1.7148e+00
 2.2330e+00
-2.4846e-01
[ CPUDoubleType{2100,1} ]
