-3.0205e+00
-4.0701e+00
-4.0968e+00
-4.1425e+00
-4.1731e+00
-4.1892e+00
-3.3573e+00
-3.4357e+00
-3.2651e+00
-2.7666e+00
-2.4267e+00
 1.7115e+00
 1.0785e+00
 4.0613e-01
 3.5716e-01
 1.2407e+00
 1.0632e-01
-5.8703e-01
-1.1677e-01
 3.2109e-01
 1.0010e+00
 1.4235e+00
 1.4151e+00
 2.2520e+00
 6.6787e+00
 1.0269e+01
 4.4385e+00
 3.8562e+00
 6.7005e+00
 5.6076e+00
-2.2645e+00
-4.1313e+00
-4.1880e+00
-4.2414e+00
-4.2817e+00
-4.3046e+00
-3.4610e+00
-3.5026e+00
-3.2727e+00
-2.7501e+00
-2.4291e+00
 1.6352e+00
 8.7592e-01
 4.3500e-02
-1.2738e-02
 1.2401e+00
 5.7122e-01
-2.4085e-01
 2.6767e-01
 8.3569e-01
 1.6476e+00
 1.7742e+00
 1.0620e+00
 5.4772e-01
 2.4467e+00
 7.8555e+00
 3.5806e+00
 3.9699e+00
 6.6476e+00
 4.9626e+00
-2.4566e+00
-4.1988e+00
-4.2684e+00
-4.3209e+00
-4.3708e+00
-4.4340e+00
-3.6255e+00
-3.6391e+00
-3.3764e+00
-3.0483e+00
-2.6991e+00
 1.4338e+00
 6.5803e-01
-2.2854e-01
-1.8226e-01
 1.5381e+00
 1.0002e+00
-1.0651e-01
 9.2104e-01
 1.7834e+00
 2.6217e+00
 2.1380e+00
 5.3559e-01
-5.4459e-01
 1.0279e+00
 7.5985e+00
 4.6233e+00
 3.9759e+00
 6.6289e+00
 4.5943e+00
-1.0371e+00
-3.3518e+00
-3.4276e+00
-3.2797e+00
-2.3013e+00
-1.7286e+00
-2.2632e+00
-2.3962e+00
-1.3970e+00
-1.1624e+00
-1.7666e+00
 1.6116e+00
 8.8508e-01
-1.4668e-02
 4.2004e-02
 1.6943e+00
 6.4398e-01
-7.5099e-01
 1.0949e+00
 2.6527e+00
 3.3981e+00
 2.7945e+00
 9.2556e-01
-5.3188e-01
 1.1024e+00
 8.0981e+00
 6.8393e+00
 5.0131e+00
 6.7755e+00
 4.4731e+00
-9.4978e-01
-3.3198e+00
-3.5482e+00
-3.7052e+00
-3.3095e+00
-2.3405e+00
-2.6223e+00
-2.5206e+00
-1.5146e+00
-1.4872e+00
-2.0952e+00
 1.3251e+00
 7.0901e-01
 7.8948e-02
 5.6789e-01
 1.8174e+00
-4.8220e-01
-2.0366e+00
 5.2963e-01
 1.9723e+00
 3.1041e+00
 2.8781e+00
 1.1464e+00
-3.9388e-01
 1.8164e+00
 1.0838e+01
 9.9076e+00
 6.0322e+00
 8.4074e+00
 5.3306e+00
-6.9647e-01
-3.2873e+00
-3.6882e+00
-3.9356e+00
-3.5582e+00
-2.2449e+00
-2.1549e+00
-2.2862e+00
-1.4014e+00
-1.6775e+00
-2.3437e+00
 1.1848e+00
 8.2115e-01
 6.3873e-01
 2.1775e+00
 4.1590e+00
-3.1803e-02
-1.6326e+00
 1.0924e+00
 1.8484e+00
 2.7572e+00
 2.7495e+00
 1.5597e+00
 1.8176e-01
 2.8917e+00
 1.1638e+01
 8.6455e+00
 2.7402e+00
 6.9347e+00
 5.1749e+00
-5.9717e-01
-3.1902e+00
-3.6078e+00
-3.8827e+00
-3.4049e+00
-1.5641e+00
-9.0265e-01
-1.4331e+00
-1.1272e+00
-1.8691e+00
-2.5013e+00
 1.2366e+00
 1.1314e+00
 1.1783e+00
 3.7761e+00
 7.3640e+00
 2.0006e+00
-3.8116e-01
 1.4569e+00
 1.3626e+00
 2.2767e+00
 2.7352e+00
 2.2991e+00
 2.2621e+00
 7.6031e+00
 1.6109e+01
 8.8121e+00
 1.2751e+00
 6.5185e+00
 4.6467e+00
-1.2699e+00
-3.1184e+00
-3.4609e+00
-3.7129e+00
-3.0409e+00
-6.3031e-01
 1.6195e-01
-1.0604e+00
-8.9371e-01
-1.7881e+00
-2.4795e+00
 1.3276e+00
 1.1057e+00
 1.0721e+00
 4.8566e+00
 9.8150e+00
 4.6954e+00
 1.3754e+00
 1.7614e-01
 2.1331e-02
 1.8795e+00
 3.1686e+00
 3.9269e+00
 5.7949e+00
 1.6274e+01
 3.0073e+01
 1.7051e+01
 8.1541e+00
 1.1080e+01
 4.3401e+00
-9.5298e-01
-3.0436e+00
-3.2932e+00
-3.5278e+00
-2.7550e+00
-4.2382e-01
-1.1395e-01
-2.0488e+00
-1.6261e+00
-1.9752e+00
-2.6815e+00
 8.0324e-01
 8.1994e-01
 1.7506e+00
 7.0167e+00
 1.3187e+01
 7.5185e+00
 2.3091e+00
-1.5394e+00
-1.5746e+00
 1.7628e+00
 4.2108e+00
 5.9382e+00
 8.5356e+00
 2.3613e+01
 4.5401e+01
 2.9296e+01
 1.6300e+01
 1.3441e+01
 3.2042e+00
-5.0537e-01
-2.0973e+00
-2.2000e+00
-2.1796e+00
-8.7702e-01
 1.1266e+00
 4.1600e-01
-1.5545e+00
-1.2057e+00
-2.4142e+00
-2.6448e+00
 1.1415e+00
 2.5305e+00
 4.1207e+00
 1.0591e+01
 1.6906e+01
 9.2138e+00
 6.5226e-01
-3.5211e+00
-2.3128e+00
 2.7171e+00
 5.4831e+00
 6.2338e+00
 7.9039e+00
 2.7210e+01
 5.4155e+01
 3.7971e+01
 2.1031e+01
 6.8123e+00
-1.9175e+00
-1.3571e+00
-2.0352e+00
-1.8940e+00
-1.5033e+00
 8.9717e-01
 3.8468e+00
 1.5700e+00
-1.1909e+00
-1.8948e+00
-1.8481e+00
 4.9880e-01
 4.5562e+00
 5.3414e+00
 6.8653e+00
 1.4160e+01
 1.8094e+01
 7.9833e+00
-2.5785e+00
-4.5773e+00
-4.8034e-01
 2.7278e+00
 3.1197e+00
 4.0022e+00
 8.8221e+00
 3.2946e+01
 6.1856e+01
 3.9808e+01
 1.6474e+01
-2.9535e+00
-7.0695e+00
-2.1089e+00
-1.8910e+00
-1.5940e+00
-1.1231e+00
 2.1598e+00
 6.6677e+00
 3.2344e+00
-9.6010e-01
 3.7684e-01
 2.7582e-01
 8.5530e-01
 4.3654e+00
 5.0887e+00
 7.3152e+00
 1.6533e+01
 1.5047e+01
 3.2242e+00
-3.8985e+00
-3.5994e+00
-1.7243e+00
-8.8822e-01
 4.8106e+00
 1.0863e+01
 1.7655e+01
 4.5804e+01
 7.4370e+01
 4.2713e+01
 8.0276e+00
-8.2287e+00
-8.5452e+00
-2.2876e+00
-1.8675e+00
-1.8991e+00
-1.7516e+00
 2.1660e+00
 7.2294e+00
 3.1681e+00
-5.4548e-01
-3.7884e-01
-1.3306e+00
 5.2100e-01
 4.4728e+00
 4.7541e+00
 7.1591e+00
 1.7775e+01
 9.8444e+00
 2.2421e+00
-5.8587e+00
-6.2806e+00
-6.3544e-01
 1.1564e+01
 1.8243e+01
 2.1665e+01
 2.8053e+01
 5.9781e+01
 7.8485e+01
 3.6545e+01
-4.2574e+00
-9.4619e+00
-1.9558e+00
-1.6007e+00
-2.6875e+00
-2.6556e+00
-1.9936e+00
 2.6635e+00
 7.5279e+00
 1.9070e+00
-6.5480e-01
-3.2785e+00
-4.2802e+00
-1.0923e+00
 3.2032e+00
 3.6866e+00
 6.1844e+00
 1.6310e+01
 5.4850e+00
-3.1349e+00
-1.3431e+01
-1.8018e-02
 7.6782e+00
 1.2270e+01
 1.6650e+01
 2.0008e+01
 3.0125e+01
 7.2052e+01
 7.1796e+01
 2.2644e+01
-1.2987e+01
-6.8662e+00
 9.1494e+00
-1.4419e+00
-9.6641e-01
 3.2601e-01
 1.3587e+00
 6.5603e+00
 1.1028e+01
 2.9779e+00
-1.9462e+00
-2.6726e+00
-2.4877e+00
 4.2743e-01
 1.7764e+00
 1.7617e+00
 3.2949e+00
 9.8247e+00
 4.4228e-01
-1.5761e+01
-1.6487e+01
 1.6303e+00
 3.1065e+00
 1.0872e+01
 1.6941e+01
 1.8950e+01
 3.1171e+01
 8.1712e+01
 5.6902e+01
 2.9405e+01
-7.9270e+00
-8.8630e-01
-5.7084e-01
 1.9811e+00
 2.0026e+00
 2.6269e+00
 3.7247e+00
 9.7471e+00
 1.0619e+01
-3.9568e+00
-5.1793e+00
 2.2402e+00
 2.2259e+00
-6.4223e-01
 1.7928e+00
 2.5589e+00
 2.9294e+00
 2.5873e+00
-1.0347e+01
-2.2196e+01
-1.3654e+01
-6.1887e+00
-7.0214e+00
 3.9896e+00
 1.1492e+01
 1.5450e+01
 2.9720e+01
 8.1118e+01
 4.7370e+01
 2.3605e+01
-1.0935e+01
-5.6228e+00
-2.3835e+00
 2.3846e+00
 1.4283e+00
 1.6255e+00
 4.0758e+00
 1.2653e+01
 5.8140e+00
-1.2192e+01
-9.8435e+00
 4.3054e-01
 7.8765e+00
 7.4628e-01
 3.4463e+00
 3.6947e+00
 1.8169e+00
-9.8092e+00
-1.2937e+01
-1.2970e+01
-2.7658e+01
-2.2210e+01
-7.7938e+00
 4.5111e+00
 8.4835e+00
 1.1709e+01
 2.4040e+01
 6.4703e+01
 4.5905e+01
-3.6930e+00
-2.5240e+01
-1.0691e+01
-3.6490e+00
 1.1568e+00
 1.4894e+00
 1.8522e+00
 4.8050e+00
 1.5244e+01
-1.6332e+00
-6.1557e+00
-6.0988e-01
 2.9582e+00
 2.6615e+00
 5.3718e+00
 6.4065e+00
 5.9366e+00
 3.0705e+00
-9.0151e+00
 7.4678e+00
-1.0217e+01
-1.6857e+01
-2.3333e+00
 3.5411e+00
 8.8413e+00
 1.1745e+01
 1.6038e+01
 2.5447e+01
 4.4715e+01
 2.8613e+01
 1.3183e+01
-5.7057e+00
-8.0520e+00
-4.8889e+00
 3.1607e-01
 3.9252e-01
 1.8820e+00
 5.6701e+00
 1.3303e+01
-8.0639e+00
-1.3687e+01
-7.4666e+00
-5.5285e+00
-3.8708e-01
 7.3871e+00
 4.2937e+00
 3.3781e+00
 3.7001e+00
-1.8302e+00
 2.3789e+01
 2.9738e+00
 1.9651e+01
 2.9162e+01
 2.1646e+01
 1.4973e+01
 1.7921e+01
 2.1181e+01
 2.1968e+01
-3.4312e+00
 3.5973e+01
 1.0958e+02
 4.2006e+01
-1.0005e+01
-1.2541e+01
 4.6957e-01
-1.2037e+00
 1.3480e+00
 6.8164e+00
 6.2544e+00
-1.4807e+01
-1.5254e+01
-1.0701e+01
 8.9047e-01
 8.3111e+00
 2.8852e+00
 4.0957e-01
 5.2245e-01
-5.2776e+00
-4.1766e+00
 2.3088e+01
 4.6718e+01
 5.2871e+01
 4.5592e+01
 2.7434e+01
 2.1032e+01
 2.7242e+01
 3.1580e+01
 2.6524e+01
-1.5083e+00
 1.4392e+02
 2.0006e+02
 8.1244e+01
 4.2439e+01
 1.1185e+01
 2.8761e+00
-1.7324e+00
-2.4696e+00
 1.3268e+00
-6.4529e-01
-4.3315e+00
 7.9823e+00
 9.4623e+00
-4.7331e-01
 2.0357e+01
 3.6937e+00
-2.2946e+00
 8.0809e-02
-8.7564e+00
-2.7722e+00
 3.6952e+01
-1.5110e+01
-1.6155e+01
 2.4064e+01
 2.7660e+01
 2.0276e+01
 1.9425e+01
 2.6276e+01
 3.0663e+01
 3.0651e+01
 2.7070e+02
 3.1871e+02
 2.0668e+02
 1.1998e+02
 3.8681e+01
-8.5655e+00
-4.5231e+00
-7.4957e-01
-7.1966e-01
-2.5113e+01
-1.1129e+01
 1.3645e+01
 2.0245e+01
-4.7289e+01
-1.1209e+01
 1.4383e+01
 1.6990e+00
 2.6230e+00
-6.8188e-01
 2.0535e+00
 5.4654e+01
-6.9058e+01
-4.8138e+01
 1.4540e+01
 2.8428e+01
 6.9333e+00
 4.1171e+00
 2.3944e+00
-2.7699e+01
 9.2367e+00
 3.4345e+02
 4.4687e+02
 2.6645e+02
 2.3197e+02
 8.3942e+01
 1.4184e+01
 1.3962e+00
 6.3281e-02
-1.1157e+00
-1.2849e+01
-6.4358e+00
-1.4566e+01
-4.3788e+01
 4.8144e+01
 4.3206e+01
 1.3751e+01
 2.6712e+00
-3.7991e-01
 8.3982e-01
 5.7457e+00
 1.0110e+02
-3.4935e+01
-2.3584e+01
-9.1690e+00
 1.3932e+01
-1.6275e+01
-1.1759e+01
-1.3668e+01
-6.6675e+01
 3.7241e+01
 4.7110e+02
 2.8596e+02
 3.8541e+01
 1.0580e+02
 8.0854e+01
 2.1555e+01
 4.3963e+00
 4.0070e+00
 2.0299e+00
-1.3629e+01
 2.4945e+01
-1.2752e+01
-4.6894e+01
 1.1783e+02
 7.8815e+01
-3.4606e+01
-4.4331e+00
 6.4596e+00
-6.6035e+00
-5.1923e+01
 7.4711e+01
-3.2686e+01
-5.1423e+01
-5.7115e+01
-1.4917e+01
-1.1813e+01
-3.3257e+00
-3.7306e+00
-5.3354e+01
 1.3546e+02
 6.8013e+02
-7.9384e+01
-1.6963e+02
 4.8700e+01
 1.1444e+02
 2.0764e+01
-5.1047e+00
-7.9044e+00
-1.8476e+01
-2.5887e+01
 1.8277e+01
 1.9945e+01
 2.0182e+02
 4.8219e+02
 1.4022e+02
 2.1014e+01
 1.7224e+00
-2.6689e+00
 8.5086e-01
 2.5926e+01
 3.3555e+01
-4.8940e+01
-3.3562e+01
 9.5246e+00
 2.9973e+01
 1.6953e+01
 1.2300e+01
-2.3798e+00
-3.2186e+01
 1.4622e+02
 6.4439e+02
-1.3187e+02
-1.2925e+02
 1.0865e+01
 1.3093e+02
 2.3416e+01
-9.7461e+00
-1.6389e+01
-4.0074e+01
-3.5678e+01
 6.1207e+01
 1.0171e+02
 1.7175e+02
 5.4727e+01
-3.8331e+01
-2.0072e+00
-5.5682e-01
 9.4348e-01
-3.6847e+00
-9.8274e+00
 5.4714e+01
 5.1394e+00
 1.0915e+01
 5.0060e+01
 5.0348e+01
 1.8142e+01
 2.2197e+01
 5.4683e+00
-3.5675e+01
 9.3019e+01
 5.0198e+02
-1.7468e+01
-5.7404e+01
-2.6642e+01
 9.8474e+01
 1.6802e+01
-1.1813e+01
-1.9886e+01
-3.8118e+01
 1.7362e+01
 1.9441e+02
 2.0553e+01
-5.9176e+01
-1.8676e+01
 3.5916e+00
 4.3226e+00
 7.3628e+00
 6.2239e+00
 7.7938e+00
 1.0887e+01
 3.7515e+00
-3.9468e+01
 2.8169e+01
 1.0453e+02
 2.4096e+01
 2.3631e+01
 2.1050e+01
 1.1395e+01
-2.1314e+01
 8.7524e+01
 4.0279e+02
 1.7428e+01
-2.6833e+01
-1.0828e+01
 4.5783e+01
 4.9183e+00
-1.2251e+01
-1.8172e+01
-1.2929e+01
 5.6001e+01
 1.6066e+02
-6.3871e+01
-6.5577e+01
 2.4094e-01
 3.0080e+01
 7.5222e+00
 5.3989e+00
 5.2429e+00
 1.1211e+00
 6.8333e+00
-1.2241e+01
 6.2231e+00
 2.3594e+01
-3.6245e+00
-2.2046e+01
-8.2056e+00
-4.3583e+00
-5.7649e-01
-2.8635e+01
 6.1745e+01
 1.9939e+02
-5.8249e+01
-1.1194e+01
 7.1013e+00
 8.2113e+00
-2.3514e+00
-4.9105e+00
-1.6567e+00
 4.8370e+00
 3.8586e+01
 1.0597e+02
-3.3122e+01
-1.9715e+01
-5.4855e+00
 2.0964e+01
 4.6666e+00
-1.6487e+00
-7.3469e-01
 3.2998e-01
 2.2126e+00
 1.6987e+01
 1.8029e+01
-4.7341e+00
-9.5647e+00
-3.0005e+00
 1.2859e+01
 1.9961e+01
 4.8118e+00
 5.9267e+00
 1.0357e+02
 9.5163e+01
 2.3972e+00
-2.1421e+01
 5.8093e+00
-2.0541e+00
 8.1716e-03
 1.9853e+00
 9.2652e+00
 5.9156e+00
 1.6198e+01
 7.5870e+01
-1.3082e+01
-1.1676e+01
-6.7559e+00
 7.7885e+00
 2.7982e-02
-3.6880e+00
-1.3229e+00
-6.5944e-01
 4.7256e+00
 4.4620e+00
-8.3149e+00
-9.4716e+00
-2.3411e+00
-1.4298e+00
 3.9146e+00
 1.4289e+01
 9.2956e-01
-3.0185e+01
 4.6715e+01
-5.4452e+01
 7.1137e+00
-1.1097e+00
-2.4109e+00
 9.5524e+00
-1.9000e+00
 1.0159e+00
 1.0258e+01
-1.3582e+00
 6.5368e+00
 3.1499e+01
-2.3593e+01
-8.7783e+00
-3.1674e+00
-9.6865e-01
-1.1873e+00
-1.6813e+00
-2.8429e+00
 3.5150e+00
 6.1807e-01
-9.2404e-01
-9.5216e+00
-2.1571e+00
 1.5845e+00
 2.5295e+00
 3.6100e+00
-1.6044e-01
 3.4132e+00
 5.6749e+00
 1.5071e+01
 5.1466e+00
-1.5116e+01
-1.0781e+01
 8.9524e+00
 9.9284e+00
 5.6246e+00
 1.1734e+01
 1.1073e+01
 4.3100e+00
 2.0413e+01
 1.8425e+01
-6.6362e-01
-8.6284e+00
-7.4740e-01
 1.6320e-01
 1.0047e+00
 1.4802e+00
 1.1070e+00
 3.6558e+00
-2.3874e+00
-3.1036e+00
-7.0743e+00
-2.6844e+00
 1.3396e+00
 3.5061e+00
-1.7666e+00
-4.3707e+00
 2.2400e+00
-1.5985e+00
-5.9902e-01
 2.4470e+00
-1.8695e+01
-1.8241e+01
 6.6233e+00
 1.3600e+01
 6.1865e+00
 9.7286e+00
 7.9580e+00
-2.3322e+00
 1.0526e+01
-1.4010e+01
 1.2223e+00
-7.6127e-01
-7.1159e-01
 3.1786e+00
 1.2019e+00
 1.4488e+00
 2.1099e+00
 2.5298e+00
-1.8189e+00
-4.6778e-01
-3.6446e+00
-1.6409e+00
 3.6212e-01
 1.5042e+00
 1.2255e+00
 1.3111e+00
-1.0847e+01
 5.5180e+00
-2.1547e+00
 8.7041e+00
-1.0376e+01
-9.7361e+00
 5.7326e+00
 1.7614e+01
 6.5734e+00
 5.9940e+00
 7.6919e+00
 6.6635e+00
 5.9182e+00
 2.9824e+00
-3.4847e+00
-2.3592e+00
 2.0257e+00
 2.0386e+00
 2.8211e+00
 4.0792e+00
 3.2464e+00
 3.9211e+00
 1.1117e-01
 1.7480e+00
-1.9677e+00
-6.5819e-01
 1.9835e+00
 4.2858e+00
 7.0057e+00
 5.0140e+00
-6.0892e+00
 3.2962e+00
-2.1201e+00
 7.3175e+00
-8.4986e+00
-6.5454e+00
 4.8733e+00
 1.2349e+01
 3.2581e+00
 2.7513e+00
 5.7654e+00
 4.0253e+00
 2.4454e+00
 2.5785e+00
-3.8829e+00
-3.6272e+00
 1.8676e+00
 3.0356e+00
 2.8899e+00
 3.7245e+00
 2.6812e+00
 2.9309e+00
 2.2586e+00
 2.6161e+00
-8.5119e-01
 5.3829e-01
 1.5943e+00
 2.5379e+00
 2.5321e+00
-7.5719e-01
-8.9175e+00
-7.2053e-01
-4.2874e+00
 5.4042e+00
-1.0677e+01
-4.5830e+00
 4.8127e+00
 1.0492e+01
 1.4366e+00
 3.5225e+00
 1.6947e+00
 4.5771e+00
 1.3361e+00
 3.7836e+00
-1.2763e+00
-1.4297e+00
 1.6658e+00
 3.8378e+00
 1.6943e+00
 2.1318e+00
 2.1906e+00
 1.4942e+00
 4.7571e+00
 5.1256e+00
 5.0715e-01
 4.4531e-01
 1.5579e+00
 1.8211e+00
 6.6467e+00
 4.8151e+00
-4.7535e+00
 4.5793e+00
-5.5711e+00
 2.3510e+00
-1.1967e+01
-3.5892e+00
 6.0497e+00
 9.0471e+00
 4.6208e+00
 4.9417e+00
 2.9252e+00
 3.3499e+00
 7.8391e-01
 3.0223e+00
-7.4563e-01
 4.3498e-02
 2.0881e+00
 3.4335e+00
 2.4916e+00
 1.6572e+00
 2.8927e+00
 1.6240e+00
 4.9188e+00
 5.4917e+00
 7.6842e-01
 1.3355e+00
 2.8988e+00
 2.5475e+00
 5.8140e+00
 4.2342e+00
-4.5814e+00
-1.5997e+00
-8.6138e-01
 2.1598e+00
-1.0789e+01
-2.9340e+00
 3.7219e+00
 7.1927e+00
 2.8626e+00
 2.6919e+00
 1.6718e+00
 1.8082e+00
-9.5364e-01
 1.3835e+00
-2.3397e+00
-5.0249e-01
 1.0633e+00
 2.1299e+00
 3.4084e+00
 2.0153e+00
 1.5028e+00
 1.6573e+00
 2.6321e+00
 9.5337e+00
 2.1458e+00
 4.0951e-01
 1.2708e+00
 1.7030e+00
 5.3884e+00
 1.8219e+00
-2.3181e+00
-6.7949e+00
 5.0738e+00
 3.1714e+00
-1.0466e+01
-5.6957e+00
 4.7401e+00
 9.2571e+00
 4.0653e+00
 3.5012e+00
 1.7334e+00
 2.8181e+00
-1.0448e+00
 4.1886e-01
-2.6553e+00
-3.5713e-01
 1.2573e+00
 2.5313e+00
 5.4491e+00
 6.0042e+00
 3.6842e+00
 3.1738e-01
 1.6358e+00
 8.6274e+00
 2.9601e+00
 2.2687e+00
 1.0435e+00
 1.3497e+00
 1.0395e+01
 8.7438e+00
 8.0338e+00
 1.8839e-01
 1.1007e+01
 7.9549e+00
-7.9768e+00
-4.5670e+00
 5.0425e+00
 8.9531e+00
 3.4123e+00
 2.7941e+00
 1.6270e+00
 1.7246e+00
 5.9842e-01
 6.5062e-01
-3.1284e+00
-3.5779e-01
 8.7811e-01
 1.6035e+00
 4.2844e+00
 3.5344e+00
 2.2167e+00
 6.0743e-01
-6.1265e-01
 2.7433e+00
 3.1298e+00
 2.5165e+00
 1.3448e+00
-1.5365e-01
 1.4828e+01
 7.0892e+00
 7.3375e+00
 3.0216e+00
 4.4824e+00
 2.5562e+01
-2.9922e+00
-2.3635e+00
 5.7689e+00
 8.2170e+00
 2.9791e+00
 1.6498e+00
 1.2627e+00
 1.7902e-01
 2.9798e+00
 2.2386e+00
-2.2389e+00
-2.0421e+00
 2.3603e-01
 1.2958e+00
 4.3034e+00
 2.7539e+00
 5.4150e-01
 5.2574e-01
-9.6608e-02
-4.7053e-02
 2.4583e+00
 3.1667e+00
 3.4384e+00
 6.4611e+00
 2.3290e+01
 1.6792e+01
 1.3050e+01
 4.0078e+00
 3.5832e+00
 2.5078e+01
 2.4128e-01
 7.1282e-01
 4.0730e+00
 5.2095e+00
 3.1693e+00
 2.9873e+00
 3.6062e+00
 1.9535e+00
 4.6104e+00
 3.9868e+00
 1.8311e-01
 8.7650e-01
 1.9546e+00
 2.7381e+00
 6.0277e+00
 1.4625e+00
 2.1499e+00
 2.0689e+00
 3.2190e-01
 1.1123e+00
 3.6401e-01
 4.5631e+00
 3.9181e+00
 4.9126e+00
 2.2469e+01
 1.0094e+01
 1.7327e+00
 2.7166e+00
 3.9731e+00
 6.6174e+00
 3.3800e+00
-4.3524e-01
 2.8863e+00
 2.7109e+00
 2.8336e+00
 1.7233e+00
 2.4111e+00
 1.6661e+00
 2.2884e+00
 7.4426e+00
 9.9564e-01
 2.0734e+00
 4.7872e+00
 6.3226e+00
 8.4344e+00
 3.5827e+00
 3.2398e+00
 3.8258e+00
 5.0510e+00
 5.3814e+00
 3.1920e+00
 4.7426e-01
 1.1561e+00
 9.6839e-01
 2.0296e+01
 7.8046e+00
-5.6613e-03
 1.1809e+00
 2.7862e+00
-6.7021e-01
-1.3472e+00
-2.5526e+00
 3.1669e+00
 3.5792e+00
 5.1545e+00
 3.9996e+00
 3.5624e+00
 1.6934e+00
 1.5179e+00
 6.3903e+00
 1.6667e+00
 2.9484e+00
 5.6507e+00
 8.6328e+00
 5.4303e+00
 4.3024e+00
 5.9591e+00
 7.0091e+00
 6.9630e+00
 5.2891e+00
 5.9882e+00
 4.4335e+00
 5.4373e-01
 1.0472e+00
 2.0532e+01
 1.4855e+00
 1.6422e+00
 3.4737e+00
 1.2067e+00
 1.1411e+00
 3.7176e-01
 4.5363e+00
 4.9067e+00
 4.6152e+00
 5.2917e+00
 2.6188e+00
 9.7758e-01
 1.9206e+00
 2.7000e+00
 3.0329e+00
 3.0121e+00
 3.6140e+00
 5.8713e+00
 4.8633e+00
 7.5387e+00
 6.7445e+00
 4.4502e+00
 4.3422e+00
 6.0914e+00
 5.4844e+00
 7.5263e+00
 1.0239e+01
 8.6415e+00
 9.4668e+00
 2.1185e+01
 2.5563e+00
 2.5531e+00
 5.4136e+00
 7.7991e+00
 3.5553e+00
 1.8859e+00
 3.7524e-01
 3.4599e+00
 2.8498e+00
 4.8131e+00
 2.7307e+00
 1.4392e+00
 1.8886e+00
 2.2291e+00
 1.6065e+00
 3.7173e+00
 3.8372e+00
 6.3644e+00
 6.0698e+00
 8.7597e+00
 9.1031e+00
 6.4991e+00
 4.6622e+00
 3.7871e+00
 2.3266e+00
 5.6795e+00
 1.1070e+01
 1.3796e+01
 2.1940e+01
 1.0688e+01
 2.3897e+00
 3.8603e+00
 4.9219e+00
 3.4542e+00
 6.1068e+00
 1.0569e+01
 9.0151e+00
 7.9174e+00
 2.5364e+00
 4.8490e+00
 1.1028e+00
 1.0628e+00
 1.8218e+00
 2.4234e+00
 3.9524e+00
 4.0158e+00
 5.5870e+00
 5.5375e+00
 7.0265e+00
 8.2295e+00
 7.5765e+00
 6.5179e+00
 6.9000e+00
 7.5219e+00
 5.5078e+00
 6.6947e+00
 1.4487e+01
 1.9192e+01
 1.2707e+01
 2.7937e+01
 2.3442e+01
 9.5254e+00
 3.8533e+00
 6.1154e+00
 7.8465e+00
 1.1857e+01
 1.7328e+01
 7.2699e+00
 2.8653e+00
 4.3640e+00
 8.1574e-01
 8.4216e-01
 2.4861e+00
 4.9677e+00
 3.8157e+00
 3.8960e+00
 5.1417e+00
 5.9436e+00
 6.4212e+00
 7.9497e+00
 8.4253e+00
 9.7185e+00
 7.5735e+00
 5.8522e+00
 5.6469e+00
 1.3697e+01
 1.5666e+01
 1.9262e+01
 1.5485e+01
 2.9827e+01
 3.1818e+01
 1.8473e+01
 8.7457e+00
 3.9623e+00
 3.7544e+00
 1.1352e+01
 2.1107e+01
 9.8393e+00
 5.0962e+00
 2.8001e+00
 1.7992e+00
 2.6043e+00
 4.5488e+00
 4.8885e+00
 5.1970e+00
 7.1756e+00
 8.5709e+00
 9.1842e+00
 9.1498e+00
 8.7914e+00
 6.8409e+00
 6.0040e+00
 5.0548e+00
 8.6907e+00
 1.4486e+01
 1.3500e+01
 1.6813e+01
 1.4742e+01
 1.9002e+01
 2.3590e+01
 2.1551e+01
 1.5177e+01
 1.0127e+01
 1.0383e+01
 7.5142e+00
 7.7255e+00
 1.6366e+01
 1.3458e+01
 3.4222e+00
 7.5010e+00
 7.1219e+00
 5.0103e+00
 4.6620e+00
 4.9167e+00
 4.9576e+00
 8.2728e+00
 1.0802e+01
 8.7169e+00
 7.9124e+00
 7.2507e+00
 5.3539e+00
 4.7135e+00
 7.0629e+00
 1.4179e+01
 1.2310e+01
 1.2058e+01
 1.8625e+01
 1.7853e+01
 1.7607e+01
 1.9352e+01
 1.5026e+01
 1.6230e+01
 9.8287e+00
 1.1064e+01
 9.6744e+00
 9.8479e+00
 1.2220e+01
 1.1784e+01
 2.7292e+00
 7.1867e+00
 9.6748e+00
 7.8497e+00
 5.1954e+00
 3.5160e+00
 4.0306e+00
 8.9416e+00
 1.1538e+01
 8.0335e+00
 6.4833e+00
 6.1476e+00
 4.8944e+00
 6.4605e+00
 1.2616e+01
 1.4302e+01
 1.0899e+01
 1.1817e+01
 1.8889e+01
 1.9479e+01
 1.8611e+01
 1.7850e+01
 1.2709e+01
 1.3281e+01
 9.0158e+00
 1.1519e+01
 1.1183e+01
 9.8942e+00
 1.1498e+01
 9.4273e+00
 3.8637e+00
 6.9736e+00
 8.6187e+00
 7.2869e+00
 5.3721e+00
 4.4998e+00
 5.0704e+00
 8.0280e+00
 8.8666e+00
 7.2619e+00
 5.3198e+00
 5.0573e+00
 5.9461e+00
 1.0349e+01
 1.3863e+01
 1.1923e+01
 8.2403e+00
 1.4942e+01
 1.9385e+01
 1.7633e+01
 1.5242e+01
 1.7379e+01
 1.2564e+01
 1.1472e+01
 8.3570e+00
 1.1908e+01
 1.0055e+01
 8.9469e+00
 1.1271e+01
 9.6805e+00
 5.3121e+00
 6.7356e+00
 6.7410e+00
 6.7753e+00
 5.1088e+00
 5.0907e+00
 5.9108e+00
 7.1960e+00
 6.8211e+00
 6.0714e+00
 5.1520e+00
 5.5568e+00
 8.4261e+00
 1.3336e+01
 1.1026e+01
 7.9710e+00
 8.2094e+00
 1.7699e+01
 1.8407e+01
 1.4611e+01
 1.3204e+01
 1.6754e+01
 1.2206e+01
 1.0481e+01
 8.8558e+00
 1.1608e+01
 9.1820e+00
 8.5547e+00
 1.0763e+01
 1.0150e+01
 7.0251e+00
 6.4705e+00
 5.7786e+00
 6.0212e+00
 5.2168e+00
 5.3080e+00
 5.3611e+00
 6.1581e+00
 5.8910e+00
 5.3807e+00
 5.2998e+00
 7.2506e+00
 1.1106e+01
 1.1146e+01
 7.8125e+00
 7.5367e+00
 1.0787e+01
 1.9233e+01
 1.4717e+01
 1.1639e+01
 1.0484e+01
 1.3404e+01
 1.2108e+01
 1.0756e+01
 8.5434e+00
 1.0381e+01
 8.5144e+00
 9.2322e+00
 1.0501e+01
 9.8131e+00
 6.5411e+00
 6.2882e+00
 6.6908e+00
 6.7795e+00
 6.2301e+00
 6.0530e+00
 5.5580e+00
 4.4587e+00
 4.6932e+00
 4.6576e+00
 5.8640e+00
 1.0550e+01
 1.1762e+01
 1.0226e+01
 8.9177e+00
 1.0886e+01
 1.3275e+01
 1.6643e+01
 1.2535e+01
 1.0677e+01
 1.2789e+01
 1.5763e+01
 1.3831e+01
 1.2522e+01
 8.7558e+00
 8.0175e+00
 7.7570e+00
 9.2100e+00
 9.3096e+00
 8.3758e+00
 5.0719e+00
 6.0824e+00
 6.6443e+00
 6.5643e+00
 6.1084e+00
 5.6308e+00
 4.9923e+00
 4.0857e+00
 4.7268e+00
 5.3309e+00
 7.0896e+00
 9.8454e+00
 9.7741e+00
 9.3216e+00
 9.8665e+00
 1.2354e+01
 1.2027e+01
 1.3137e+01
 1.0962e+01
 1.0237e+01
 1.1938e+01
 1.5191e+01
 1.3784e+01
 1.1119e+01
 7.4318e+00
 7.5662e+00
 8.2518e+00
 9.7621e+00
 8.2607e+00
 7.3611e+00
 4.2791e+00
 5.3264e+00
 6.7220e+00
 6.5923e+00
 5.9603e+00
 5.3134e+00
 4.9040e+00
 4.1398e+00
 5.0027e+00
 5.9415e+00
 7.0700e+00
 8.4674e+00
 8.7521e+00
 9.5900e+00
 1.0960e+01
 1.2151e+01
 9.5414e+00
 1.0631e+01
 1.0439e+01
 1.0109e+01
 1.1376e+01
 1.4764e+01
 1.3007e+01
 9.7258e+00
 6.9798e+00
 7.8982e+00
 8.6447e+00
 9.0198e+00
 7.3647e+00
 6.6024e+00
 4.6887e+00
 5.6842e+00
 6.8299e+00
 6.5897e+00
 5.7325e+00
 5.1660e+00
 5.0611e+00
 4.3813e+00
 5.2874e+00
 6.0799e+00
 6.2475e+00
 7.7122e+00
 8.5471e+00
 1.0071e+01
 1.1291e+01
 1.0768e+01
 7.7057e+00
 9.2507e+00
 1.0297e+01
 9.9115e+00
 1.0942e+01
 1.3634e+01
 1.1946e+01
 8.8889e+00
 7.1618e+00
 8.2422e+00
 8.2646e+00
 7.9861e+00
 6.8104e+00
 6.1836e+00
 4.3248e+00
 5.6315e+00
 6.8764e+00
 6.3767e+00
 5.5777e+00
 5.2305e+00
 5.3001e+00
 4.6571e+00
 5.3061e+00
 5.6602e+00
 5.0167e+00
 6.9649e+00
 8.8355e+00
 1.0581e+01
 1.1001e+01
 9.7045e+00
 6.7507e+00
 8.4115e+00
 9.7368e+00
 9.5109e+00
 1.0241e+01
 1.2301e+01
 1.0897e+01
 8.3989e+00
 7.4009e+00
 8.1888e+00
 7.4890e+00
 7.0819e+00
 6.4786e+00
 5.9927e+00
 4.1040e+00
 5.6235e+00
 6.8351e+00
 6.1153e+00
 5.5106e+00
 5.3907e+00
 5.5179e+00
 4.7804e+00
 5.0743e+00
 5.2374e+00
 5.4969e+00
 7.7387e+00
 9.3379e+00
 1.0718e+01
 1.0296e+01
 9.1187e+00
 6.3901e+00
 7.6688e+00
 8.9325e+00
 9.0866e+00
 9.4302e+00
 1.1231e+01
 9.9576e+00
 8.1521e+00
 7.4187e+00
 7.7539e+00
 6.8278e+00
 6.4776e+00
 6.2374e+00
 5.9437e+00
 4.0035e+00
 3.9324e+00
 4.7283e+00
 3.9816e+00
 3.6164e+00
 3.6137e+00
 3.7588e+00
 3.7242e+00
 3.8327e+00
 4.0154e+00
 4.5740e+00
 7.9428e+00
 9.4417e+00
 9.9924e+00
 9.3610e+00
 8.6465e+00
 9.6523e+00
 1.0432e+01
 1.1587e+01
 1.2013e+01
 1.0731e+01
 1.0451e+01
 1.0783e+01
 9.5564e+00
 8.6932e+00
 6.9621e+00
 5.9946e+00
 5.6375e+00
 5.5581e+00
 5.5356e+00
 3.4484e+00
 3.6490e+00
 4.4538e+00
 3.8418e+00
 3.6734e+00
 3.7546e+00
 3.8775e+00
 3.7192e+00
 3.8110e+00
 4.1522e+00
 5.0290e+00
 8.4807e+00
 9.3909e+00
 9.2790e+00
 8.8977e+00
 8.6725e+00
 9.6592e+00
 1.0107e+01
 1.1127e+01
 1.1635e+01
 1.1366e+01
 1.1021e+01
 1.0475e+01
 9.5145e+00
 8.3705e+00
 6.6235e+00
 5.6993e+00
 5.2757e+00
 5.2901e+00
 5.4419e+00
 3.3247e+00
 3.3406e+00
 4.2039e+00
 3.8056e+00
 3.7540e+00
 3.8643e+00
 3.9797e+00
 3.8315e+00
 4.0081e+00
 4.5860e+00
 5.6110e+00
 8.6957e+00
 8.8719e+00
 8.6667e+00
 8.6651e+00
 8.7746e+00
 9.8703e+00
 1.0145e+01
 1.0776e+01
 1.1140e+01
 1.0856e+01
 1.0594e+01
 1.0272e+01
 9.3456e+00
 8.0328e+00
 6.3420e+00
 5.4735e+00
 5.0211e+00
 5.0058e+00
 5.2141e+00
 2.6261e+00
 2.7248e+00
 4.0590e+00
 3.8550e+00
 3.8523e+00
 3.9531e+00
 4.0991e+00
 4.0709e+00
 4.4384e+00
 5.1430e+00
 5.8727e+00
 8.3194e+00
 8.2273e+00
 8.3054e+00
 8.6209e+00
 8.9920e+00
 1.0262e+01
 1.0335e+01
 1.0424e+01
 1.0530e+01
 1.0395e+01
 1.0260e+01
 9.9837e+00
 9.0841e+00
 7.7668e+00
 6.1060e+00
 5.2451e+00
 4.7567e+00
 4.7310e+00
 5.0133e+00
 2.9693e+00
 2.8785e+00
 3.9919e+00
 3.9332e+00
 3.9471e+00
 4.0650e+00
 4.2830e+00
 4.3905e+00
 4.8363e+00
 5.2628e+00
 5.4584e+00
 7.6413e+00
 7.7848e+00
 8.1843e+00
 8.7181e+00
 9.2413e+00
 1.0538e+01
 1.0360e+01
 9.9830e+00
 9.8574e+00
 9.9406e+00
 9.9174e+00
 9.5818e+00
 8.7853e+00
 7.5707e+00
 5.8865e+00
 5.0144e+00
 4.5390e+00
 4.5510e+00
 4.8925e+00
 2.8670e+00
 4.3698e+00
 5.1438e+00
 5.2075e+00
 5.2723e+00
 5.4388e+00
 5.6934e+00
 4.9237e+00
 5.0853e+00
 5.0894e+00
 4.4582e+00
 6.3651e+00
 7.4161e+00
 8.0127e+00
 8.6340e+00
 9.1136e+00
 9.3504e+00
 8.9885e+00
 8.4324e+00
 8.2299e+00
 8.4409e+00
 8.3124e+00
 7.9457e+00
 7.2642e+00
 6.1881e+00
 5.0366e+00
 4.1881e+00
 3.7607e+00
 3.7969e+00
 4.1451e+00
 1.7309e+00
 4.2449e+00
 5.0824e+00
 5.2641e+00
 5.3745e+00
 5.4774e+00
 5.5620e+00
 4.5277e+00
 4.4346e+00
 4.4034e+00
 4.6174e+00
 6.6652e+00
 7.2134e+00
 7.8133e+00
 8.3558e+00
 8.6580e+00
 8.7333e+00
 8.3683e+00
 7.9170e+00
 7.7338e+00
 7.9001e+00
 7.8093e+00
 7.4809e+00
 6.8952e+00
 5.9795e+00
 4.9265e+00
 4.1201e+00
 3.7382e+00
 3.7517e+00
 4.0255e+00
 1.5932e+00
 4.1252e+00
 4.9964e+00
 5.2092e+00
 5.2633e+00
 5.1748e+00
 5.0218e+00
 3.8310e+00
 3.7777e+00
 3.9266e+00
 4.2949e+00
 6.3561e+00
 6.8370e+00
 7.3113e+00
 7.6828e+00
 7.8338e+00
 7.8629e+00
 7.6055e+00
 7.3229e+00
 7.1613e+00
 6.5043e+00
 6.2770e+00
 6.6523e+00
 6.1659e+00
 5.4506e+00
 4.5654e+00
 3.8047e+00
 3.4264e+00
 3.3578e+00
 3.5041e+00
 1.0195e+00
 3.5355e+00
 4.3723e+00
 4.5425e+00
 4.5235e+00
 4.2942e+00
 4.0127e+00
 2.8322e+00
 2.9203e+00
 3.2047e+00
 3.6055e+00
 5.5947e+00
 5.9627e+00
 6.3018e+00
 6.5599e+00
 6.6778e+00
 6.8018e+00
 6.7291e+00
 6.6221e+00
 6.5076e+00
 6.4360e+00
 6.2354e+00
 6.0546e+00
 5.7236e+00
 5.2359e+00
 4.5433e+00
 3.8446e+00
 3.4608e+00
 3.3395e+00
 3.4486e+00
 9.4093e-01
 3.4594e+00
 4.2271e+00
 4.2969e+00
 4.2099e+00
 3.9428e+00
 3.6720e+00
 2.5703e+00
 2.7366e+00
 3.0257e+00
 3.3612e+00
 5.2362e+00
 5.4346e+00
 5.5729e+00
 5.6493e+00
 5.6542e+00
 5.7806e+00
 5.8094e+00
 5.8104e+00
 5.7693e+00
 5.7301e+00
 5.5643e+00
 5.4951e+00
 5.3054e+00
 4.9822e+00
 4.4752e+00
 3.8800e+00
 3.4847e+00
 3.3195e+00
 3.4038e+00
 5.4835e-01
[ CPUDoubleType{2100,1} ]
