-3.1656e+00
-4.3524e+00
-4.6452e+00
-4.9764e+00
-5.0819e+00
-4.9228e+00
-3.8942e+00
-3.8014e+00
-3.4456e+00
-2.9156e+00
-2.6805e+00
 1.2878e+00
 4.3030e-01
-4.6381e-01
-7.7140e-01
-5.9233e-01
-9.7823e-01
-1.0308e+00
-4.0010e-01
 6.9575e-02
 5.7033e-01
 7.9177e-01
 9.1381e-01
 1.6119e+00
 4.5801e+00
 6.9307e+00
 1.9852e+00
 2.4102e+00
 5.7268e+00
 5.0986e+00
-2.3053e+00
-4.3078e+00
-4.7869e+00
-5.1918e+00
-5.3700e+00
-5.3017e+00
-4.3638e+00
-4.2688e+00
-3.7451e+00
-3.0083e+00
-2.6753e+00
 1.2188e+00
 1.3184e-01
-1.0503e+00
-1.4888e+00
-9.2500e-01
-6.0189e-01
-4.2478e-01
 2.0018e-01
 6.9767e-01
 1.1804e+00
 1.0179e+00
 3.2268e-01
-1.4973e-01
 5.3249e-01
 4.3797e+00
 9.8283e-01
 2.5589e+00
 5.8509e+00
 4.5988e+00
-2.5692e+00
-4.4695e+00
-4.8619e+00
-5.1737e+00
-5.3152e+00
-5.3610e+00
-4.6270e+00
-4.6283e+00
-4.1062e+00
-3.4931e+00
-2.9920e+00
 9.2278e-01
-1.7971e-01
-1.4295e+00
-1.7140e+00
-5.9169e-01
-5.2168e-03
 4.7910e-02
 9.4604e-01
 1.7508e+00
 2.2158e+00
 1.3253e+00
-3.9205e-01
-1.5525e+00
-1.5583e+00
 2.9064e+00
 1.3955e+00
 2.4018e+00
 5.6398e+00
 3.9587e+00
-1.5289e+00
-3.8580e+00
-3.9011e+00
-3.5140e+00
-2.4727e+00
-2.1295e+00
-2.4122e+00
-2.6712e+00
-1.6186e+00
-1.2476e+00
-1.8017e+00
 1.2343e+00
 8.1632e-02
-1.2287e+00
-1.6073e+00
-6.3094e-01
-6.4284e-01
-8.7524e-01
 6.7810e-01
 2.3217e+00
 2.8756e+00
 1.8569e+00
-1.8996e-01
-1.8057e+00
-2.1811e+00
 2.2788e+00
 3.2247e+00
 3.7697e+00
 6.1714e+00
 4.1469e+00
-1.3776e+00
-3.8351e+00
-4.0674e+00
-3.9569e+00
-3.0366e+00
-2.1191e+00
-1.9900e+00
-2.2078e+00
-1.5010e+00
-1.6015e+00
-2.2922e+00
 9.0195e-01
 8.6581e-02
-7.0667e-01
-6.1180e-01
-6.1797e-02
-1.3232e+00
-2.0223e+00
-1.8495e-01
 1.5107e+00
 2.2700e+00
 1.7199e+00
-3.8974e-02
-1.6724e+00
-1.5762e+00
 5.1172e+00
 6.6598e+00
 5.2675e+00
 7.8995e+00
 5.1573e+00
-9.5220e-01
-3.7998e+00
-4.4019e+00
-4.4488e+00
-3.3403e+00
-1.8722e+00
-1.3043e+00
-1.9085e+00
-1.8638e+00
-2.3565e+00
-2.9375e+00
 7.3079e-01
 6.5761e-01
 1.0874e+00
 3.0101e+00
 4.4106e+00
 1.4963e+00
-1.0389e-01
 1.2150e+00
 1.9507e+00
 2.2693e+00
 1.7899e+00
 5.0944e-01
-1.0647e+00
-5.4555e-01
 6.1392e+00
 5.6528e+00
 2.1760e+00
 6.2221e+00
 4.7195e+00
-9.9229e-01
-3.8990e+00
-4.5618e+00
-4.4697e+00
-2.9531e+00
-8.0947e-01
 2.0391e-01
-9.8233e-01
-1.8171e+00
-2.7531e+00
-3.2524e+00
 7.9919e-01
 1.1873e+00
 2.3511e+00
 6.0490e+00
 9.2838e+00
 5.5968e+00
 2.4836e+00
 2.2337e+00
 1.6684e+00
 1.5793e+00
 1.5806e+00
 1.2465e+00
 1.1915e+00
 4.4764e+00
 1.1286e+01
 6.6493e+00
 1.5386e+00
 5.8358e+00
 4.0368e+00
-2.0335e+00
-3.9126e+00
-3.9551e+00
-3.3850e+00
-1.2792e+00
 1.4070e+00
 2.0042e+00
-3.4955e-01
-1.5601e+00
-2.4020e+00
-3.0534e+00
 7.8049e-01
 8.8983e-01
 2.2874e+00
 7.6060e+00
 1.2475e+01
 8.8372e+00
 3.7800e+00
 6.3821e-01
-6.1752e-01
 3.7715e-01
 1.7833e+00
 3.1448e+00
 5.6440e+00
 1.4542e+01
 2.7270e+01
 1.6694e+01
 9.6429e+00
 1.0853e+01
 4.4315e+00
-4.9853e-01
-2.4133e+00
-2.3680e+00
-1.7982e+00
 1.3658e-01
 1.9992e+00
 1.1913e+00
-2.1086e+00
-2.6885e+00
-2.4514e+00
-3.1674e+00
 1.0061e-01
 2.7534e-01
 2.8876e+00
 1.0208e+01
 1.6272e+01
 1.1747e+01
 3.9559e+00
-1.8590e+00
-3.2927e+00
-4.8744e-01
 2.5906e+00
 5.2365e+00
 8.8941e+00
 2.2988e+01
 4.4248e+01
 3.0621e+01
 1.9140e+01
 1.4513e+01
 4.2663e+00
 8.6342e-02
-1.6657e+00
-1.2214e+00
 1.3275e-01
 2.6002e+00
 3.3965e+00
 1.1017e+00
-2.2455e+00
-2.4350e+00
-2.2150e+00
-3.2151e+00
 4.0224e-01
 2.5669e+00
 6.8429e+00
 1.5786e+01
 2.1558e+01
 1.4075e+01
 2.4994e+00
-4.2670e+00
-4.2933e+00
 3.6360e-01
 3.6732e+00
 5.2938e+00
 7.9527e+00
 2.6965e+01
 5.3337e+01
 3.9365e+01
 2.3168e+01
 8.1448e+00
-1.1776e+00
-1.5780e+00
-1.9390e+00
-6.6434e-01
 1.8220e+00
 5.8298e+00
 7.3021e+00
 3.8561e+00
-7.7507e-01
-2.1719e+00
-1.0209e+00
 1.5218e+00
 6.5429e+00
 8.4990e+00
 1.2543e+01
 2.1082e+01
 2.3403e+01
 1.2015e+01
-1.2581e+00
-5.7553e+00
-2.5159e+00
 1.1092e+00
 1.8174e+00
 2.8794e+00
 7.8848e+00
 3.2048e+01
 6.0175e+01
 4.0765e+01
 1.8083e+01
-1.7770e+00
-7.2217e+00
-3.6552e+00
-2.6739e+00
-7.2413e-01
 2.4517e+00
 7.9112e+00
 1.0856e+01
 6.7293e+00
 1.9351e+00
 1.1413e+00
 1.3412e+00
 1.8115e+00
 5.9075e+00
 8.0751e+00
 1.3441e+01
 2.2470e+01
 1.9486e+01
 5.5530e+00
-3.6329e+00
-4.7222e+00
-2.6686e+00
-1.6839e+00
 3.1020e+00
 9.1777e+00
 1.6594e+01
 4.5150e+01
 7.2103e+01
 4.2601e+01
 8.2257e+00
-8.1425e+00
-9.2597e+00
-4.2804e+00
-3.4451e+00
-2.1949e+00
 3.6276e-01
 6.2004e+00
 9.6617e+00
 5.1622e+00
-1.1356e-01
-1.4486e+00
-1.6573e+00
 1.2101e-01
 5.3523e+00
 7.8018e+00
 1.3738e+01
 2.2370e+01
 1.5644e+01
 4.4181e+00
-4.3721e+00
-6.5037e+00
-5.7334e-01
 1.2057e+01
 1.9301e+01
 2.3509e+01
 2.9338e+01
 6.0540e+01
 7.5848e+01
 3.4957e+01
-4.3219e+00
-9.7069e+00
-2.5842e+00
-3.0271e+00
-4.4196e+00
-3.7549e+00
-1.3694e+00
 4.2404e+00
 7.2857e+00
 3.2796e+00
-1.1623e+00
-3.9451e+00
-6.1767e+00
-3.5316e+00
 2.5553e+00
 5.7558e+00
 1.1921e+01
 1.9379e+01
 1.0291e+01
-1.3576e+00
-1.2126e+01
 3.2595e-01
 6.9978e+00
 1.1553e+01
 1.6824e+01
 2.1275e+01
 3.0337e+01
 7.1468e+01
 6.6833e+01
 1.9209e+01
-1.3310e+01
-7.3404e+00
 8.6019e+00
-2.0790e+00
-2.3656e+00
-7.6761e-01
 1.5892e+00
 7.0649e+00
 1.0648e+01
 5.1057e+00
-2.8133e+00
-5.0030e+00
-6.1646e+00
-2.6801e+00
 1.5264e-01
 2.1242e+00
 5.8162e+00
 9.3887e+00
-1.1328e+00
-1.7135e+01
-1.8330e+01
-1.0049e+00
-2.4670e-01
 8.7523e+00
 1.6033e+01
 2.0282e+01
 3.0739e+01
 7.9990e+01
 5.1215e+01
 2.7582e+01
-8.5349e+00
-1.4175e+00
-5.8929e-01
 3.4753e+00
 4.6032e+00
 5.0572e+00
 6.1282e+00
 1.1523e+01
 1.2940e+01
 1.5060e+00
-4.7638e+00
-2.6799e-01
 1.6149e+00
-1.4397e+00
 7.1549e-01
 2.1551e+00
 2.5517e+00
-1.4043e+00
-1.5127e+01
-2.6026e+01
-1.5496e+01
-1.0246e+01
-1.0763e+01
 4.7856e-01
 9.1083e+00
 1.6455e+01
 2.8639e+01
 7.8897e+01
 4.1184e+01
 2.1829e+01
-1.1296e+01
-5.7827e+00
-1.9281e+00
 3.6720e+00
 3.5762e+00
 3.8511e+00
 6.7482e+00
 1.3902e+01
 1.1632e+01
-2.3564e+00
-6.3172e+00
 2.2932e-01
 7.4427e+00
-1.8687e-01
 2.7815e+00
 3.0117e+00
-1.5886e+00
-1.2838e+01
-1.6562e+01
-1.8370e+01
-2.8421e+01
-3.0082e+01
-1.4722e+01
-7.2835e-01
 6.1868e+00
 1.1987e+01
 2.1672e+01
 5.8827e+01
 3.8279e+01
-4.8359e+00
-2.5600e+01
-1.2684e+01
-4.1650e+00
 1.6128e+00
 2.0588e+00
 2.2908e+00
 5.6113e+00
 1.4508e+01
 1.1940e+01
 6.5411e+00
 9.2290e-01
 2.0088e+00
 3.7397e+00
 9.2495e+00
 9.6965e+00
 7.6733e+00
 8.3477e-01
-9.4449e+00
 4.4885e+00
-1.0484e+01
-1.2125e+01
-2.6600e+00
 2.9385e+00
 7.2375e+00
 1.0626e+01
 1.6066e+01
 2.2564e+01
 4.0899e+01
 2.8676e+01
 1.6423e+01
-4.4404e+00
-7.3285e+00
-6.0234e+00
-1.5763e-02
-9.3545e-02
 1.6738e+00
 5.5435e+00
 1.3240e+01
 6.5718e+00
-6.8394e+00
-1.2083e+01
-8.8440e+00
-3.2777e-01
 1.0081e+01
 7.7263e+00
 4.7236e+00
 1.3895e+00
 1.2528e+00
 2.7869e+01
 1.7921e+01
 3.4341e+01
 3.8707e+01
 2.5781e+01
 1.0268e+01
 1.5457e+01
 1.9437e+01
 1.8688e+01
-1.2152e-01
 4.0709e+01
 1.0498e+02
 3.1917e+01
-1.5167e+01
-2.0529e+01
-1.5585e+00
 6.2344e-01
 3.0848e+00
 6.0142e+00
 8.0237e+00
-2.1000e+00
-2.1210e+01
-2.5642e+01
-7.0059e+00
 7.2828e+00
 4.4248e+00
 4.7203e-01
-4.5459e+00
-1.2646e+01
-2.7862e+00
 3.6749e+01
 6.9681e+01
 9.1374e+01
 7.6862e+01
 4.7002e+01
 2.9962e+01
 3.0207e+01
 2.9950e+01
 2.8394e+01
 5.6918e+00
 1.3691e+02
 1.8686e+02
 7.8327e+01
 4.0283e+01
 1.3403e+01
 5.2830e+00
-8.6536e-02
 2.0716e-02
 8.7198e-01
 6.2242e+00
 1.4784e+01
 1.3003e+01
 9.5718e+00
-1.9589e+00
 2.4970e+01
 4.0415e+00
-3.8568e+00
-5.2929e+00
-1.3700e+01
-3.5229e+00
 3.6428e+01
-4.7634e+00
-2.3868e-01
 1.6758e+01
 2.5754e+01
 2.4811e+01
 2.4800e+01
 2.6581e+01
 3.4730e+01
 3.7153e+01
 2.5974e+02
 3.1209e+02
 2.1481e+02
 1.2136e+02
 4.7690e+01
-1.1784e+01
-6.8956e+00
-2.6886e+00
-9.0312e+00
-1.6462e+01
 6.0389e+00
 1.8450e+01
 2.3606e+01
-5.5171e+01
-1.5455e+01
 1.8846e+01
 1.3203e+00
 2.4653e+00
 9.6353e-01
 8.2374e+00
 2.7581e+01
-5.0150e+01
-6.6654e+01
-7.3756e+00
 1.7933e+01
 1.0947e+01
 4.4251e+00
-3.1201e+00
-2.9029e+01
 9.7796e+00
 3.2911e+02
 4.6626e+02
 3.1521e+02
 2.6607e+02
 1.2363e+02
 2.9976e+01
 5.2705e+00
 6.6101e-01
-2.7947e+00
-2.9125e+00
 5.9641e+00
-1.1732e+01
-4.3116e+01
 4.6971e+01
 4.3387e+01
 9.9955e+00
-8.8039e-02
 7.9788e-01
 7.0029e-01
 1.0650e+01
 7.9593e+01
 6.5366e-01
-2.9558e+01
-1.5425e+01
 5.8627e+00
-1.5785e+01
-1.7862e+01
-2.2706e+01
-6.7819e+01
 2.6607e+01
 4.4015e+02
 2.7973e+02
 3.9519e+01
 1.1318e+02
 7.8134e+01
 2.0494e+01
 7.8563e+00
 4.8296e+00
 4.4708e-01
 5.0495e+00
 3.3211e+01
-7.6186e+00
-4.6049e+01
 1.1447e+02
 7.0215e+01
-4.3745e+01
-4.7038e+00
 3.1042e+00
-9.4053e+00
-4.2636e+01
 6.1566e+01
-1.9153e+00
-5.8555e+01
-6.0035e+01
-2.8097e+01
-1.3876e+01
-1.1777e+01
-9.3287e+00
-3.9915e+01
 1.2253e+02
 6.3606e+02
-1.1177e+02
-1.7106e+02
 2.7601e+01
 1.0044e+02
 2.0838e+01
-2.9266e+00
-1.3000e+01
-2.2760e+01
-1.0201e+01
 3.1852e+01
 4.7361e+01
 2.2603e+02
 4.8790e+02
 1.3999e+02
 2.1811e+01
-1.2072e-01
-1.7185e+00
 1.5220e+00
 3.3821e+01
 1.6218e+01
-3.3613e+01
-3.4679e+01
 4.2834e+00
 2.8603e+01
 2.0124e+01
 5.5549e+00
-7.7941e+00
-1.6542e+01
 1.4428e+02
 6.1866e+02
-1.3932e+02
-1.2035e+02
-1.7695e+01
 1.1747e+02
 1.8852e+01
-1.3577e+01
-2.9742e+01
-4.6698e+01
-1.8032e+01
 5.8405e+01
 1.0425e+02
 1.7482e+02
 5.0812e+01
-3.3936e+01
-2.1103e+00
-8.8538e-01
 9.6695e-01
-3.8287e+00
-1.0683e+01
 4.6039e+01
 1.3998e+01
 1.1902e+01
 4.0465e+01
 5.5035e+01
 1.5290e+01
 1.8740e+01
-1.7496e+00
-2.9487e+01
 1.0278e+02
 4.9999e+02
 1.2146e-03
-4.0882e+01
-4.6806e+01
 8.0407e+01
 6.9817e+00
-1.7502e+01
-2.9549e+01
-2.7876e+01
 5.2577e+01
 1.6652e+02
 3.3724e+01
-7.3882e+01
-3.5041e+01
 2.1675e+00
 1.0526e+01
 7.9342e+00
 8.0817e+00
 8.7441e+00
 9.0945e+00
 8.2654e+00
-1.7770e+01
 5.8077e+01
 1.1670e+02
 5.1169e+01
 3.1608e+01
 2.0615e+01
 1.1499e+01
-9.2508e+00
 9.7796e+01
 3.9082e+02
 1.9083e+01
-1.8249e+01
-1.6387e+01
 3.8327e+01
 1.6629e+00
-1.6144e+01
-2.3495e+01
-1.5817e+00
 9.1928e+01
 1.4121e+02
-3.6409e+01
-8.3739e+01
-5.2827e+00
 2.7855e+01
 1.2401e+01
 3.2052e+00
-2.8686e+00
-5.1235e+00
-4.1168e+00
-8.0030e-01
 1.4713e+01
 2.0277e+01
-1.5703e+00
-2.4039e+01
-2.0151e+01
-1.3914e+01
-2.1150e+00
-2.7277e+01
 6.8878e+01
 1.8909e+02
-5.5322e+01
-1.0676e+01
 4.3073e+00
 6.7892e+00
-4.9953e+00
-7.9104e+00
-7.2913e+00
 1.2178e+01
 6.9922e+01
 1.0587e+02
-3.0726e+00
-2.2258e+01
-5.7458e+00
 1.2731e+01
 4.8441e+00
-3.7897e+00
-3.5153e+00
 7.6759e-01
 1.2195e+01
 3.0403e+01
 1.3158e+01
-1.8670e+01
-2.1317e+01
-6.3633e+00
 1.2924e+01
 1.7247e+01
 4.1219e+00
 9.6007e+00
 1.0018e+02
 8.5695e+01
 6.5251e+00
-9.2570e+00
 1.9006e+01
 5.4942e+00
 2.6034e+00
 2.3283e+00
 7.4464e+00
 1.5509e+01
 4.4155e+01
 7.1225e+01
 8.0016e+00
-1.1010e+01
-7.3034e+00
 3.6002e+00
-1.6848e-01
-5.3867e+00
-1.8980e+00
 2.4622e-01
 1.4287e+01
 1.4927e+01
-1.4615e+01
-2.5465e+01
-1.0839e+01
-4.7180e-01
 6.7264e+00
 1.1729e+01
-1.9096e+00
-2.8385e+01
 4.4829e+01
-5.4779e+01
 9.0774e+00
-7.3276e-02
-3.6094e+00
 1.0244e+00
-9.9059e+00
-4.8629e+00
 3.9422e+00
 1.0515e+00
 1.3739e+01
 2.3202e+01
-1.2370e+01
-1.3285e+01
-5.8734e+00
-1.5890e+00
-2.2181e+00
-3.4723e+00
-4.2614e+00
 1.3155e+00
 9.7115e+00
 1.0724e+01
-7.1658e+00
-9.1624e+00
-6.1201e-01
 2.8394e+00
 2.2749e+00
-6.2159e-01
 6.3700e+00
 7.5181e+00
 1.4554e+01
 7.3489e+00
-1.4198e+01
-1.1829e+01
 6.0171e+00
 7.4452e+00
 5.6456e+00
 1.1228e+01
 1.1007e+01
 1.0397e+01
 2.2929e+01
 2.1061e+01
 4.2078e+00
-5.9927e+00
-1.7623e+00
 5.7194e-01
 2.1359e+00
 2.6294e+00
 2.1588e+00
 3.2263e+00
 4.6820e+00
 4.9420e+00
-6.1182e+00
-8.0326e+00
-8.8768e-01
 3.7517e+00
-4.3853e-01
-3.7013e+00
 3.6752e+00
-1.1415e+00
-4.8333e-01
 3.2072e+00
-2.0551e+01
-2.2439e+01
 4.1873e+00
 1.2814e+01
 6.5078e+00
 8.2409e+00
 4.3314e+00
-5.0716e-01
 1.4562e+00
-1.0479e+01
-2.4106e+00
-1.1678e+00
-2.4365e+00
-6.3013e-01
-1.3756e+00
-8.1455e-01
 1.8123e-01
-3.2794e-01
-4.0698e-01
-7.5304e-01
-8.1753e+00
-7.7379e+00
-2.5238e+00
 2.4497e-01
 8.1053e-01
 1.0760e+00
-1.5868e+01
 3.7790e+00
-1.5827e+00
 9.0449e+00
-1.1670e+01
-1.0245e+01
 5.3210e+00
 1.7154e+01
 5.5265e+00
 6.1756e+00
 7.5690e+00
 7.0090e+00
 5.4925e+00
 3.8077e+00
-1.7304e+00
-1.8118e+00
 7.2756e-01
 2.0948e+00
 3.9634e+00
 5.1302e+00
 4.9972e+00
 5.0221e+00
 4.6895e+00
 3.4111e+00
-2.6006e+00
-3.4438e+00
 2.7510e-01
 4.6293e+00
 9.9382e+00
 8.6052e+00
-5.3038e+00
 3.5519e+00
-1.8048e+00
 6.6017e+00
-9.6118e+00
-6.6118e+00
 4.2897e+00
 1.2252e+01
 3.6050e+00
 3.5023e+00
 5.2450e+00
 3.4784e+00
 2.0936e+00
 2.0559e+00
-3.6457e+00
-3.8325e+00
 1.0845e+00
 3.4185e+00
 4.2266e+00
 4.1910e+00
 2.7199e+00
 1.6958e+00
 1.4945e+00
-3.0791e-01
-2.6957e+00
-1.7981e+00
-9.7010e-01
 3.8200e-01
 2.3681e+00
 4.7753e-01
-8.8753e+00
-2.2040e+00
-5.2788e+00
 3.4697e+00
-1.2530e+01
-4.5527e+00
 4.1746e+00
 9.7769e+00
 1.9806e+00
 2.4608e+00
 4.2694e-01
 2.0558e+00
 2.3564e+00
 4.1145e+00
-1.4413e-01
-9.8891e-01
 2.3178e+00
 4.4150e+00
 2.5542e+00
 2.6820e+00
 2.4781e+00
 2.1743e+00
 4.7280e+00
 4.7187e+00
-1.8204e-01
-1.2490e+00
 2.3283e-01
 8.7874e-01
 6.1944e+00
 5.1827e+00
-3.8741e+00
 4.3484e+00
-4.2996e+00
 1.6162e+00
-1.2647e+01
-2.5830e+00
 6.4907e+00
 1.0335e+01
 7.6841e+00
 7.5132e+00
 4.3625e+00
 2.5298e+00
 1.6761e+00
 3.2781e+00
 5.1317e-01
 6.0811e-01
 2.9595e+00
 4.6331e+00
 3.3957e+00
 2.0974e+00
 3.1979e+00
 2.5367e+00
 4.2732e+00
 4.8146e+00
 3.4383e-01
 2.7639e-01
 2.6059e+00
 2.8783e+00
 5.9312e+00
 3.8549e+00
-5.0862e+00
-2.1759e+00
-9.8382e-02
 1.2679e+00
-1.0697e+01
-1.4191e+00
 3.6416e+00
 6.5898e+00
 3.7323e+00
 3.4429e+00
 1.6831e+00
 2.3303e-02
-1.2828e+00
 1.1359e-01
-1.9079e+00
-5.7340e-01
 1.4413e+00
 2.5222e+00
 4.2986e+00
 2.3630e+00
 4.0326e-01
 1.4694e+00
 3.6900e+00
 8.3380e+00
 2.9176e+00
-7.3471e-01
 5.4047e-01
 2.1034e+00
 6.4125e+00
 2.2801e+00
-1.5598e+00
-7.3351e+00
 4.6201e+00
 2.8878e+00
-1.0158e+01
-5.1635e+00
 4.0692e+00
 8.9795e+00
 4.8077e+00
 4.1890e+00
 2.4452e+00
 1.6444e+00
-7.3596e-01
-1.1479e+00
-2.9158e+00
-6.3176e-01
 2.2944e+00
 5.2869e+00
 8.5482e+00
 9.3701e+00
 4.5641e+00
 3.5166e-01
 2.6822e+00
 7.2878e+00
 3.9644e+00
 1.7715e+00
 7.0624e-01
 1.3464e+00
 1.0757e+01
 8.3435e+00
 9.2796e+00
 7.0699e-01
 9.1964e+00
 8.0546e+00
-6.8583e+00
-3.9714e+00
 4.5173e+00
 9.0928e+00
 4.3157e+00
 3.1319e+00
 1.4270e+00
 8.5448e-01
 4.9699e-01
-3.2726e-01
-2.8783e+00
-4.5184e-01
 1.6002e+00
 3.2171e+00
 5.5685e+00
 5.3840e+00
 3.2138e+00
 7.9254e-02
-1.9642e+00
 1.5877e+00
 2.0718e+00
 1.7562e+00
 4.5735e-01
-5.8425e-01
 1.5166e+01
 6.5037e+00
 7.7630e+00
 4.2666e+00
 3.6895e+00
 2.4357e+01
-1.6393e+00
-1.4459e+00
 5.0505e+00
 8.3416e+00
 3.8451e+00
 2.3392e+00
 9.1733e-01
 2.8579e-01
 2.5027e+00
 1.7866e+00
-2.4943e+00
-2.7873e+00
 1.2121e-01
 2.6200e+00
 5.0067e+00
 4.1486e+00
 1.0858e+00
 7.0897e-01
-7.7085e-01
-1.8120e+00
 5.8863e-01
 1.6338e+00
 2.7511e+00
 6.6060e+00
 2.3903e+01
 1.6683e+01
 1.3357e+01
 5.0358e+00
 4.4755e+00
 2.1905e+01
 1.2400e+00
 1.6044e+00
 3.7474e+00
 5.7728e+00
 3.9120e+00
 4.0787e+00
 4.1601e+00
 3.2752e+00
 4.7946e+00
 4.6006e+00
 1.3361e+00
 9.9260e-01
 2.1776e+00
 3.8898e+00
 6.5715e+00
 3.2356e+00
 1.9443e+00
 1.2853e+00
 1.3114e-01
 7.2264e-01
-9.7571e-01
 4.1527e+00
 4.0304e+00
 4.2254e+00
 2.2382e+01
 1.0295e+01
 2.5034e+00
 2.9602e+00
 3.9740e+00
 5.0401e+00
 2.2727e+00
-4.2516e-01
 2.1354e+00
 1.8229e+00
 4.2132e+00
 3.3824e+00
 2.8170e+00
 2.2089e+00
 3.7107e+00
 7.1596e+00
 3.4404e+00
 3.0192e+00
 5.3958e+00
 7.2522e+00
 8.8774e+00
 5.0543e+00
 3.3122e+00
 3.8116e+00
 4.9082e+00
 4.9416e+00
 1.9224e+00
-1.4591e+00
 1.8710e+00
 7.3640e-01
 1.9248e+01
 8.0070e+00
 6.3996e-01
 1.3505e+00
 3.0328e+00
-7.4340e-01
-1.5373e+00
-3.2285e+00
 2.8538e+00
 4.8034e+00
 7.5953e+00
 7.4331e+00
 5.1417e+00
 2.3967e+00
 2.4231e+00
 4.9260e+00
 3.4043e+00
 4.2420e+00
 7.4073e+00
 8.9535e+00
 6.7923e+00
 4.8293e+00
 5.6161e+00
 6.4376e+00
 7.0316e+00
 5.6471e+00
 5.8229e+00
 4.1876e+00
-4.3089e-01
 5.0878e-02
 1.9394e+01
 2.3907e+00
 2.1979e+00
 2.9983e+00
 1.5202e+00
 1.2153e+00
 3.1814e-01
 4.9821e+00
 4.8554e+00
 5.7015e+00
 6.6865e+00
 5.0331e+00
 2.3536e+00
 2.0660e+00
 2.3476e+00
 2.2805e+00
 3.0183e+00
 4.4316e+00
 6.0936e+00
 4.9987e+00
 8.2043e+00
 7.1727e+00
 4.4226e+00
 3.6968e+00
 5.5628e+00
 5.5884e+00
 7.3061e+00
 8.8798e+00
 8.3130e+00
 7.4245e+00
 1.9279e+01
 3.2624e+00
 3.1064e+00
 5.3636e+00
 7.7978e+00
 3.2404e+00
 1.2029e+00
-6.0145e-02
 2.5808e+00
 3.4011e+00
 5.2500e+00
 4.2460e+00
 2.0399e+00
 1.7940e+00
 1.9193e+00
 1.7517e+00
 3.6980e+00
 5.0050e+00
 7.2772e+00
 8.7188e+00
 1.1807e+01
 1.1584e+01
 7.7229e+00
 3.8412e+00
 2.2178e+00
 1.2503e+00
 4.6545e+00
 1.0193e+01
 1.5191e+01
 1.9805e+01
 1.0253e+01
 2.5928e+00
 4.6394e+00
 5.5518e+00
 3.9046e+00
 6.6568e+00
 1.0412e+01
 8.8021e+00
 8.2419e+00
 2.8990e+00
 4.6630e+00
 2.6275e+00
 1.4042e+00
 1.9083e+00
 2.9393e+00
 4.2027e+00
 5.2411e+00
 6.5813e+00
 7.2252e+00
 8.7776e+00
 1.0838e+01
 9.9873e+00
 7.8100e+00
 6.5190e+00
 5.8730e+00
 3.6608e+00
 5.6795e+00
 1.3489e+01
 1.7993e+01
 1.3420e+01
 2.6494e+01
 2.1183e+01
 8.4000e+00
 3.1567e+00
 6.0239e+00
 8.6028e+00
 1.1770e+01
 1.6763e+01
 7.6416e+00
 3.3978e+00
 4.4475e+00
 2.3279e+00
 1.5402e+00
 3.3911e+00
 5.5149e+00
 4.7277e+00
 4.6848e+00
 5.8086e+00
 6.7487e+00
 7.8317e+00
 9.5952e+00
 9.3223e+00
 8.7796e+00
 6.8499e+00
 5.3808e+00
 4.8594e+00
 1.2733e+01
 1.5289e+01
 1.8867e+01
 1.6239e+01
 2.9461e+01
 3.1309e+01
 1.8153e+01
 7.8017e+00
 2.7807e+00
 3.4866e+00
 1.0994e+01
 2.1075e+01
 1.1329e+01
 5.6415e+00
 4.3137e+00
 2.8790e+00
 3.6092e+00
 5.3614e+00
 5.9948e+00
 6.6903e+00
 9.1105e+00
 1.0603e+01
 1.0738e+01
 1.0279e+01
 9.0089e+00
 7.1537e+00
 5.9139e+00
 5.3819e+00
 8.4132e+00
 1.3841e+01
 1.3012e+01
 1.5658e+01
 1.4241e+01
 1.8089e+01
 2.3194e+01
 2.2032e+01
 1.5497e+01
 9.5808e+00
 9.6397e+00
 6.9619e+00
 7.9099e+00
 1.6663e+01
 1.3483e+01
 4.0510e+00
 9.2338e+00
 9.3200e+00
 6.7692e+00
 5.5641e+00
 5.9202e+00
 7.2124e+00
 1.0758e+01
 1.2566e+01
 1.0595e+01
 9.0085e+00
 7.6028e+00
 5.9747e+00
 5.1482e+00
 7.4018e+00
 1.3638e+01
 1.1464e+01
 1.0903e+01
 1.7532e+01
 1.6313e+01
 1.7021e+01
 1.9615e+01
 1.5326e+01
 1.5932e+01
 9.5507e+00
 1.0981e+01
 9.8619e+00
 9.9353e+00
 1.3024e+01
 1.2587e+01
 5.4383e+00
 1.0840e+01
 1.3125e+01
 1.0568e+01
 6.6559e+00
 4.5047e+00
 5.7775e+00
 1.0986e+01
 1.3466e+01
 1.0652e+01
 8.3548e+00
 6.8054e+00
 5.8432e+00
 7.0177e+00
 1.2329e+01
 1.3158e+01
 1.0146e+01
 1.2331e+01
 1.8622e+01
 1.8540e+01
 1.8180e+01
 1.7605e+01
 1.2857e+01
 1.3116e+01
 9.3092e+00
 1.2044e+01
 1.1614e+01
 1.0605e+01
 1.1592e+01
 1.0451e+01
 5.6394e+00
 1.0217e+01
 1.1849e+01
 1.0140e+01
 7.5605e+00
 6.1878e+00
 6.7637e+00
 9.7500e+00
 1.0753e+01
 8.8186e+00
 5.9410e+00
 6.6332e+00
 7.9441e+00
 1.0964e+01
 1.2892e+01
 1.1186e+01
 9.1203e+00
 1.5560e+01
 1.8935e+01
 1.7176e+01
 1.4735e+01
 1.6804e+01
 1.2521e+01
 1.1611e+01
 8.9565e+00
 1.2254e+01
 1.0519e+01
 9.4790e+00
 1.1563e+01
 1.0591e+01
 7.0171e+00
 9.4080e+00
 9.8979e+00
 9.2445e+00
 7.5234e+00
 6.9515e+00
 7.5925e+00
 8.9972e+00
 8.7246e+00
 7.7260e+00
 7.2875e+00
 8.0619e+00
 1.0650e+01
 1.3683e+01
 1.0889e+01
 8.6629e+00
 8.8764e+00
 1.7538e+01
 1.8360e+01
 1.4486e+01
 1.2866e+01
 1.6201e+01
 1.2371e+01
 1.1158e+01
 9.3994e+00
 1.2048e+01
 9.5949e+00
 9.5151e+00
 1.1673e+01
 1.1366e+01
 8.6515e+00
 8.9914e+00
 8.6829e+00
 8.2402e+00
 7.4336e+00
 7.2337e+00
 7.3059e+00
 7.9435e+00
 7.4659e+00
 6.8048e+00
 7.1892e+00
 8.9326e+00
 1.2178e+01
 1.1985e+01
 9.1581e+00
 8.7708e+00
 1.0928e+01
 1.8447e+01
 1.4680e+01
 1.1065e+01
 9.3073e+00
 1.3179e+01
 1.2411e+01
 1.1516e+01
 9.0838e+00
 1.0808e+01
 9.3235e+00
 1.0250e+01
 1.1641e+01
 1.0995e+01
 8.0321e+00
 8.4400e+00
 9.3137e+00
 8.9124e+00
 8.3461e+00
 7.8925e+00
 7.2860e+00
 6.0399e+00
 6.2441e+00
 6.2432e+00
 7.3180e+00
 1.1488e+01
 1.2845e+01
 1.1826e+01
 1.0481e+01
 1.1749e+01
 1.3068e+01
 1.6120e+01
 1.2595e+01
 1.0656e+01
 1.2250e+01
 1.6081e+01
 1.4741e+01
 1.3255e+01
 9.5161e+00
 8.6039e+00
 8.5554e+00
 1.0073e+01
 1.0608e+01
 9.5790e+00
 6.4992e+00
 8.0351e+00
 9.1100e+00
 8.7699e+00
 8.2271e+00
 7.4101e+00
 6.6004e+00
 5.6636e+00
 6.3605e+00
 6.9055e+00
 8.2183e+00
 1.0975e+01
 1.1351e+01
 1.1006e+01
 1.1066e+01
 1.2790e+01
 1.1889e+01
 1.2910e+01
 1.0979e+01
 1.0133e+01
 1.1530e+01
 1.5609e+01
 1.4475e+01
 1.2026e+01
 8.3941e+00
 8.3016e+00
 9.0749e+00
 1.0424e+01
 9.5196e+00
 8.0000e+00
 4.0896e+00
 6.4960e+00
 8.8132e+00
 8.7832e+00
 8.0144e+00
 6.9715e+00
 6.3984e+00
 5.7399e+00
 6.5204e+00
 7.1349e+00
 7.9965e+00
 9.9040e+00
 1.0432e+01
 1.1017e+01
 1.1716e+01
 1.2381e+01
 9.6194e+00
 1.0567e+01
 1.0422e+01
 1.0123e+01
 1.1208e+01
 1.5100e+01
 1.3706e+01
 1.0753e+01
 7.9446e+00
 8.6940e+00
 9.3205e+00
 9.7348e+00
 8.5277e+00
 7.7124e+00
 5.8431e+00
 7.6904e+00
 9.2498e+00
 8.8068e+00
 7.6417e+00
 6.6115e+00
 6.4001e+00
 5.8725e+00
 6.5759e+00
 7.0293e+00
 7.3202e+00
 9.2004e+00
 1.0058e+01
 1.1160e+01
 1.1796e+01
 1.1111e+01
 7.9965e+00
 9.3236e+00
 1.0323e+01
 1.0058e+01
 1.0924e+01
 1.3978e+01
 1.2699e+01
 9.8924e+00
 8.1194e+00
 8.9940e+00
 8.9622e+00
 8.6794e+00
 7.7796e+00
 7.2678e+00
 5.6111e+00
 7.6574e+00
 9.1856e+00
 8.4489e+00
 7.2879e+00
 6.5741e+00
 6.6027e+00
 5.9660e+00
 6.2894e+00
 6.1194e+00
 5.1376e+00
 7.6724e+00
 9.7749e+00
 1.1323e+01
 1.1433e+01
 1.0169e+01
 7.1637e+00
 8.5789e+00
 9.8241e+00
 9.6752e+00
 1.0286e+01
 1.2622e+01
 1.1625e+01
 9.3659e+00
 8.3037e+00
 8.9019e+00
 8.2541e+00
 7.7728e+00
 7.3441e+00
 7.1519e+00
 5.5825e+00
 7.6217e+00
 8.9642e+00
 8.0407e+00
 7.1005e+00
 6.7041e+00
 6.7436e+00
 5.9016e+00
 6.0182e+00
 6.1143e+00
 6.5592e+00
 8.9450e+00
 1.0343e+01
 1.1347e+01
 1.0781e+01
 9.6182e+00
 6.8053e+00
 7.8943e+00
 9.0593e+00
 9.2286e+00
 9.5518e+00
 1.1503e+01
 1.0653e+01
 9.0627e+00
 8.2494e+00
 8.5369e+00
 7.6570e+00
 7.2334e+00
 7.0997e+00
 7.1990e+00
 5.5464e+00
 5.8242e+00
 6.6610e+00
 5.8000e+00
 5.1554e+00
 4.9155e+00
 4.8922e+00
 4.7050e+00
 4.6981e+00
 4.8610e+00
 5.5324e+00
 8.9216e+00
 1.0213e+01
 1.0559e+01
 9.8778e+00
 9.1149e+00
 1.0027e+01
 1.0656e+01
 1.1606e+01
 1.1683e+01
 1.0290e+01
 1.0336e+01
 1.1105e+01
 1.0329e+01
 9.5308e+00
 7.8287e+00
 6.8555e+00
 6.4232e+00
 6.4291e+00
 6.7737e+00
 4.9156e+00
 5.3754e+00
 6.2032e+00
 5.5660e+00
 5.1687e+00
 5.0170e+00
 4.9211e+00
 4.6124e+00
 4.6095e+00
 4.9194e+00
 5.8277e+00
 9.2378e+00
 1.0044e+01
 9.8656e+00
 9.4111e+00
 9.0667e+00
 9.9591e+00
 1.0290e+01
 1.1170e+01
 1.1664e+01
 1.1537e+01
 1.1363e+01
 1.1117e+01
 1.0319e+01
 9.2806e+00
 7.5200e+00
 6.5260e+00
 6.0501e+00
 6.1481e+00
 6.5995e+00
 4.6967e+00
 4.9098e+00
 5.8237e+00
 5.4405e+00
 5.2045e+00
 5.0871e+00
 4.9625e+00
 4.6484e+00
 4.7135e+00
 5.2000e+00
 6.2029e+00
 9.2905e+00
 9.5198e+00
 9.2725e+00
 9.1343e+00
 9.0821e+00
 1.0057e+01
 1.0230e+01
 1.0769e+01
 1.1166e+01
 1.1075e+01
 1.0992e+01
 1.0869e+01
 1.0136e+01
 8.9435e+00
 7.2033e+00
 6.2368e+00
 5.7500e+00
 5.7540e+00
 5.9230e+00
 3.0338e+00
 3.4155e+00
 5.2745e+00
 5.3292e+00
 5.2269e+00
 5.0969e+00
 4.9661e+00
 4.7167e+00
 4.9174e+00
 5.4989e+00
 6.2641e+00
 8.8356e+00
 8.8540e+00
 8.8445e+00
 8.9892e+00
 9.1808e+00
 1.0303e+01
 1.0304e+01
 1.0382e+01
 1.0584e+01
 1.0658e+01
 1.0684e+01
 1.0537e+01
 9.8079e+00
 8.5741e+00
 6.8619e+00
 5.9363e+00
 5.4658e+00
 5.5240e+00
 6.0080e+00
 4.1799e+00
 4.2303e+00
 5.4200e+00
 5.3789e+00
 5.2415e+00
 5.0834e+00
 4.9818e+00
 4.8213e+00
 5.0845e+00
 5.4767e+00
 5.8325e+00
 8.1867e+00
 8.3931e+00
 8.6717e+00
 9.0327e+00
 9.3711e+00
 1.0515e+01
 1.0292e+01
 9.9802e+00
 1.0000e+01
 1.0259e+01
 1.0358e+01
 1.0111e+01
 9.3963e+00
 8.2236e+00
 6.5309e+00
 5.6491e+00
 5.2198e+00
 5.3251e+00
 5.8494e+00
 4.0397e+00
 5.6600e+00
 6.4756e+00
 6.5055e+00
 6.3880e+00
 6.2465e+00
 6.1663e+00
 5.1324e+00
 5.1452e+00
 4.9991e+00
 4.2924e+00
 6.4422e+00
 7.6434e+00
 8.3071e+00
 8.8014e+00
 9.1083e+00
 9.2036e+00
 8.8085e+00
 8.3395e+00
 8.2688e+00
 8.5984e+00
 8.5567e+00
 8.2411e+00
 7.5788e+00
 6.5664e+00
 5.4900e+00
 4.6919e+00
 4.3231e+00
 4.4524e+00
 4.9666e+00
 2.7522e+00
 5.3494e+00
 6.1733e+00
 6.2584e+00
 6.1744e+00
 6.0097e+00
 5.8445e+00
 4.6688e+00
 4.5805e+00
 4.6559e+00
 4.9909e+00
 7.0890e+00
 7.6410e+00
 8.1521e+00
 8.5474e+00
 8.6890e+00
 8.6402e+00
 8.2337e+00
 7.8358e+00
 7.7503e+00
 8.0160e+00
 7.9932e+00
 7.7098e+00
 7.1535e+00
 6.3416e+00
 5.4252e+00
 4.7059e+00
 4.3770e+00
 4.4653e+00
 4.8776e+00
 2.5953e+00
 5.1415e+00
 5.9273e+00
 5.9811e+00
 5.8327e+00
 5.5316e+00
 5.2117e+00
 3.9513e+00
 3.9216e+00
 4.1528e+00
 4.6121e+00
 6.7233e+00
 7.2304e+00
 7.6474e+00
 7.8976e+00
 7.9076e+00
 7.8152e+00
 7.4728e+00
 7.1412e+00
 6.8425e+00
 6.1476e+00
 6.0770e+00
 6.5488e+00
 6.2656e+00
 5.6859e+00
 4.9451e+00
 4.2779e+00
 3.9411e+00
 3.9215e+00
 4.1629e+00
 1.7623e+00
 4.2332e+00
 4.9654e+00
 4.9880e+00
 4.8176e+00
 4.4629e+00
 4.0915e+00
 2.8706e+00
 2.9663e+00
 3.3131e+00
 3.8018e+00
 5.8511e+00
 6.2593e+00
 6.5688e+00
 6.7482e+00
 6.7715e+00
 6.8025e+00
 6.6541e+00
 6.5118e+00
 6.4143e+00
 6.3970e+00
 6.2650e+00
 6.1584e+00
 5.9013e+00
 5.5078e+00
 4.9379e+00
 4.3314e+00
 3.9895e+00
 3.8967e+00
 4.0630e+00
 1.5977e+00
 4.0487e+00
 4.7428e+00
 4.7187e+00
 4.5386e+00
 4.2029e+00
 3.8706e+00
 2.7118e+00
 2.8479e+00
 3.1695e+00
 3.5738e+00
 5.4853e+00
 5.7002e+00
 5.7934e+00
 5.7812e+00
 5.6837e+00
 5.7061e+00
 5.6468e+00
 5.6052e+00
 5.5874e+00
 5.6246e+00
 5.5584e+00
 5.5924e+00
 5.4930e+00
 5.2509e+00
 4.8376e+00
 4.3211e+00
 3.9569e+00
 3.7657e+00
 3.7501e+00
 7.3385e-01
[ CPUDoubleType{2100,1} ]
