-3.1609
-4.2314
-4.2314
-4.2314
-4.2314
-4.2314
-3.3124
-3.3124
-3.3124
-3.3124
-3.3124
 1.0028
 1.0028
 1.0028
 1.0028
 0.8484
 0.8484
 0.8484
 0.8484
 0.8484
 1.1695
 1.1695
 1.1695
 1.1695
 1.1695
 1.7590
 1.7590
 1.7590
 1.7590
 1.3060
-3.1609
-4.2314
-4.2314
-4.2314
-4.2314
-4.2314
-3.3124
-3.3124
-3.3124
-3.3124
-3.3124
 1.0028
 1.0028
 1.0028
 1.0028
 0.8484
 0.8484
 0.8484
 0.8484
 0.8484
 1.1695
 1.1695
 1.1695
 1.1695
 1.1695
 1.7590
 1.7590
 1.7590
 1.7590
 1.3060
-3.1609
-4.2314
-4.2314
-4.2314
-4.2314
-4.2314
-3.3124
-3.3124
-3.3124
-3.3124
-3.3124
 1.0028
 1.0028
 1.0028
 1.0028
 0.8484
 0.8484
 0.8484
 0.8484
 0.8484
 1.1695
 1.1695
 1.1695
 1.1695
 1.1695
 1.7590
 1.7590
 1.7590
 1.7590
 1.3060
-1.5827
-3.3765
-3.3765
-3.3765
-3.3765
-3.3765
-2.3212
-2.3212
-2.3212
-2.3212
-2.3212
 1.5056
 1.5056
 1.5056
 1.5056
 1.4691
 1.4691
 1.4691
 1.4691
 1.4691
 1.4416
 1.4416
 1.4416
 1.4416
 1.4416
 0.8957
 0.8957
 0.8957
 0.8957
 1.0091
-1.5827
-3.3765
-3.3765
-3.3765
-3.3765
-3.3765
-2.3212
-2.3212
-2.3212
-2.3212
-2.3212
 1.5056
 1.5056
 1.5056
 1.5056
 1.4691
 1.4691
 1.4691
 1.4691
 1.4691
 1.4416
 1.4416
 1.4416
 1.4416
 1.4416
 0.8957
 0.8957
 0.8957
 0.8957
 1.0091
-1.5827
-3.3765
-3.3765
-3.3765
-3.3765
-3.3765
-2.3212
-2.3212
-2.3212
-2.3212
-2.3212
 1.5056
 1.5056
 1.5056
 1.5056
 1.4691
 1.4691
 1.4691
 1.4691
 1.4691
 1.4416
 1.4416
 1.4416
 1.4416
 1.4416
 0.8957
 0.8957
 0.8957
 0.8957
 1.0091
-1.5827
-3.3765
-3.3765
-3.3765
-3.3765
-3.3765
-2.3212
-2.3212
-2.3212
-2.3212
-2.3212
 1.5056
 1.5056
 1.5056
 1.5056
 1.4691
 1.4691
 1.4691
 1.4691
 1.4691
 1.4416
 1.4416
 1.4416
 1.4416
 1.4416
 0.8957
 0.8957
 0.8957
 0.8957
 1.0091
-1.5827
-3.3765
-3.3765
-3.3765
-3.3765
-3.3765
-2.3212
-2.3212
-2.3212
-2.3212
-2.3212
 1.5056
 1.5056
 1.5056
 1.5056
 1.4691
 1.4691
 1.4691
 1.4691
 1.4691
 1.4416
 1.4416
 1.4416
 1.4416
 1.4416
 0.8957
 0.8957
 0.8957
 0.8957
 1.0091
-1.5827
-3.3765
-3.3765
-3.3765
-3.3765
-3.3765
-2.3212
-2.3212
-2.3212
-2.3212
-2.3212
 1.5056
 1.5056
 1.5056
 1.5056
 1.4691
 1.4691
 1.4691
 1.4691
 1.4691
 1.4416
 1.4416
 1.4416
 1.4416
 1.4416
 0.8957
 0.8957
 0.8957
 0.8957
 1.0091
-0.7464
-2.4406
-2.4406
-2.4406
-2.4406
-2.4406
-1.3881
-1.3881
-1.3881
-1.3881
-1.3881
 1.2623
 1.2623
 1.2623
 1.2623
 1.1144
 1.1144
 1.1144
 1.1144
 1.1144
 1.8982
 1.8982
 1.8982
 1.8982
 1.8982
 1.9091
 1.9091
 1.9091
 1.9091
 1.0095
-0.7464
-2.4406
-2.4406
-2.4406
-2.4406
-2.4406
-1.3881
-1.3881
-1.3881
-1.3881
-1.3881
 1.2623
 1.2623
 1.2623
 1.2623
 1.1144
 1.1144
 1.1144
 1.1144
 1.1144
 1.8982
 1.8982
 1.8982
 1.8982
 1.8982
 1.9091
 1.9091
 1.9091
 1.9091
 1.0095
-0.7464
-2.4406
-2.4406
-2.4406
-2.4406
-2.4406
-1.3881
-1.3881
-1.3881
-1.3881
-1.3881
 1.2623
 1.2623
 1.2623
 1.2623
 1.1144
 1.1144
 1.1144
 1.1144
 1.1144
 1.8982
 1.8982
 1.8982
 1.8982
 1.8982
 1.9091
 1.9091
 1.9091
 1.9091
 1.0095
-0.7464
-2.4406
-2.4406
-2.4406
-2.4406
-2.4406
-1.3881
-1.3881
-1.3881
-1.3881
-1.3881
 1.2623
 1.2623
 1.2623
 1.2623
 1.1144
 1.1144
 1.1144
 1.1144
 1.1144
 1.8982
 1.8982
 1.8982
 1.8982
 1.8982
 1.9091
 1.9091
 1.9091
 1.9091
 1.0095
-0.7464
-2.4406
-2.4406
-2.4406
-2.4406
-2.4406
-1.3881
-1.3881
-1.3881
-1.3881
-1.3881
 1.2623
 1.2623
 1.2623
 1.2623
 1.1144
 1.1144
 1.1144
 1.1144
 1.1144
 1.8982
 1.8982
 1.8982
 1.8982
 1.8982
 1.9091
 1.9091
 1.9091
 1.9091
 1.0095
 0.2992
-0.9681
-0.9681
-0.9681
-0.9681
-0.9681
 0.2144
 0.2144
 0.2144
 0.2144
 0.2144
 0.6732
 0.6732
 0.6732
 0.6732
 0.4878
 0.4878
 0.4878
 0.4878
 0.4878
 1.9970
 1.9970
 1.9970
 1.9970
 1.9970
 1.2901
 1.2901
 1.2901
 1.2901
 0.5301
 0.2992
-0.9681
-0.9681
-0.9681
-0.9681
-0.9681
 0.2144
 0.2144
 0.2144
 0.2144
 0.2144
 0.6732
 0.6732
 0.6732
 0.6732
 0.4878
 0.4878
 0.4878
 0.4878
 0.4878
 1.9970
 1.9970
 1.9970
 1.9970
 1.9970
 1.2901
 1.2901
 1.2901
 1.2901
 0.5301
 0.2992
-0.9681
-0.9681
-0.9681
-0.9681
-0.9681
 0.2144
 0.2144
 0.2144
 0.2144
 0.2144
 0.6732
 0.6732
 0.6732
 0.6732
 0.4878
 0.4878
 0.4878
 0.4878
 0.4878
 1.9970
 1.9970
 1.9970
 1.9970
 1.9970
 1.2901
 1.2901
 1.2901
 1.2901
 0.5301
 0.2992
-0.9681
-0.9681
-0.9681
-0.9681
-0.9681
 0.2144
 0.2144
 0.2144
 0.2144
 0.2144
 0.6732
 0.6732
 0.6732
 0.6732
 0.4878
 0.4878
 0.4878
 0.4878
 0.4878
 1.9970
 1.9970
 1.9970
 1.9970
 1.9970
 1.2901
 1.2901
 1.2901
 1.2901
 0.5301
 0.2992
-0.9681
-0.9681
-0.9681
-0.9681
-0.9681
 0.2144
 0.2144
 0.2144
 0.2144
 0.2144
 0.6732
 0.6732
 0.6732
 0.6732
 0.4878
 0.4878
 0.4878
 0.4878
 0.4878
 1.9970
 1.9970
 1.9970
 1.9970
 1.9970
 1.2901
 1.2901
 1.2901
 1.2901
 0.5301
 0.2992
-0.9681
-0.9681
-0.9681
-0.9681
-0.9681
 0.2144
 0.2144
 0.2144
 0.2144
 0.2144
 0.6732
 0.6732
 0.6732
 0.6732
 0.4878
 0.4878
 0.4878
 0.4878
 0.4878
 1.9970
 1.9970
 1.9970
 1.9970
 1.9970
 1.2901
 1.2901
 1.2901
 1.2901
 0.5301
 1.3893
-0.5455
-0.5455
-0.5455
-0.5455
-0.5455
 0.8217
 0.8217
 0.8217
 0.8217
 0.8217
 0.4480
 0.4480
 0.4480
 0.4480
 0.4571
 0.4571
 0.4571
 0.4571
 0.4571
 2.6219
 2.6219
 2.6219
 2.6219
 2.6219
 1.0001
 1.0001
 1.0001
 1.0001
 0.0726
 1.3893
-0.5455
-0.5455
-0.5455
-0.5455
-0.5455
 0.8217
 0.8217
 0.8217
 0.8217
 0.8217
 0.4480
 0.4480
 0.4480
 0.4480
 0.4571
 0.4571
 0.4571
 0.4571
 0.4571
 2.6219
 2.6219
 2.6219
 2.6219
 2.6219
 1.0001
 1.0001
 1.0001
 1.0001
 0.0726
 1.3893
-0.5455
-0.5455
-0.5455
-0.5455
-0.5455
 0.8217
 0.8217
 0.8217
 0.8217
 0.8217
 0.4480
 0.4480
 0.4480
 0.4480
 0.4571
 0.4571
 0.4571
 0.4571
 0.4571
 2.6219
 2.6219
 2.6219
 2.6219
 2.6219
 1.0001
 1.0001
 1.0001
 1.0001
 0.0726
 1.3893
-0.5455
-0.5455
-0.5455
-0.5455
-0.5455
 0.8217
 0.8217
 0.8217
 0.8217
 0.8217
 0.4480
 0.4480
 0.4480
 0.4480
 0.4571
 0.4571
 0.4571
 0.4571
 0.4571
 2.6219
 2.6219
 2.6219
 2.6219
 2.6219
 1.0001
 1.0001
 1.0001
 1.0001
 0.0726
 1.3893
-0.5455
-0.5455
-0.5455
-0.5455
-0.5455
 0.8217
 0.8217
 0.8217
 0.8217
 0.8217
 0.4480
 0.4480
 0.4480
 0.4480
 0.4571
 0.4571
 0.4571
 0.4571
 0.4571
 2.6219
 2.6219
 2.6219
 2.6219
 2.6219
 1.0001
 1.0001
 1.0001
 1.0001
 0.0726
 1.3893
-0.5455
-0.5455
-0.5455
-0.5455
-0.5455
 0.8217
 0.8217
 0.8217
 0.8217
 0.8217
 0.4480
 0.4480
 0.4480
 0.4480
 0.4571
 0.4571
 0.4571
 0.4571
 0.4571
 2.6219
 2.6219
 2.6219
 2.6219
 2.6219
 1.0001
 1.0001
 1.0001
 1.0001
 0.0726
 0.5835
 0.6349
 0.6349
 0.6349
 0.6349
 0.6349
 0.8152
 0.8152
 0.8152
 0.8152
 0.8152
 0.0126
 0.0126
 0.0126
 0.0126
 1.3402
 1.3402
 1.3402
 1.3402
 1.3402
 2.0538
 2.0538
 2.0538
 2.0538
 2.0538
 0.3124
 0.3124
 0.3124
 0.3124
 0.7286
 0.5835
 0.6349
 0.6349
 0.6349
 0.6349
 0.6349
 0.8152
 0.8152
 0.8152
 0.8152
 0.8152
 0.0126
 0.0126
 0.0126
 0.0126
 1.3402
 1.3402
 1.3402
 1.3402
 1.3402
 2.0538
 2.0538
 2.0538
 2.0538
 2.0538
 0.3124
 0.3124
 0.3124
 0.3124
 0.7286
 0.5835
 0.6349
 0.6349
 0.6349
 0.6349
 0.6349
 0.8152
 0.8152
 0.8152
 0.8152
 0.8152
 0.0126
 0.0126
 0.0126
 0.0126
 1.3402
 1.3402
 1.3402
 1.3402
 1.3402
 2.0538
 2.0538
 2.0538
 2.0538
 2.0538
 0.3124
 0.3124
 0.3124
 0.3124
 0.7286
 0.5835
 0.6349
 0.6349
 0.6349
 0.6349
 0.6349
 0.8152
 0.8152
 0.8152
 0.8152
 0.8152
 0.0126
 0.0126
 0.0126
 0.0126
 1.3402
 1.3402
 1.3402
 1.3402
 1.3402
 2.0538
 2.0538
 2.0538
 2.0538
 2.0538
 0.3124
 0.3124
 0.3124
 0.3124
 0.7286
 0.5835
 0.6349
 0.6349
 0.6349
 0.6349
 0.6349
 0.8152
 0.8152
 0.8152
 0.8152
 0.8152
 0.0126
 0.0126
 0.0126
 0.0126
 1.3402
 1.3402
 1.3402
 1.3402
 1.3402
 2.0538
 2.0538
 2.0538
 2.0538
 2.0538
 0.3124
 0.3124
 0.3124
 0.3124
 0.7286
 0.9183
 1.1740
 1.1740
 1.1740
 1.1740
 1.1740
 0.7463
 0.7463
 0.7463
 0.7463
 0.7463
 1.0796
 1.0796
 1.0796
 1.0796
 1.7580
 1.7580
 1.7580
 1.7580
 1.7580
 2.1034
 2.1034
 2.1034
 2.1034
 2.1034
 2.0477
 2.0477
 2.0477
 2.0477
 0.6052
 0.9183
 1.1740
 1.1740
 1.1740
 1.1740
 1.1740
 0.7463
 0.7463
 0.7463
 0.7463
 0.7463
 1.0796
 1.0796
 1.0796
 1.0796
 1.7580
 1.7580
 1.7580
 1.7580
 1.7580
 2.1034
 2.1034
 2.1034
 2.1034
 2.1034
 2.0477
 2.0477
 2.0477
 2.0477
 0.6052
 0.9183
 1.1740
 1.1740
 1.1740
 1.1740
 1.1740
 0.7463
 0.7463
 0.7463
 0.7463
 0.7463
 1.0796
 1.0796
 1.0796
 1.0796
 1.7580
 1.7580
 1.7580
 1.7580
 1.7580
 2.1034
 2.1034
 2.1034
 2.1034
 2.1034
 2.0477
 2.0477
 2.0477
 2.0477
 0.6052
 0.9183
 1.1740
 1.1740
 1.1740
 1.1740
 1.1740
 0.7463
 0.7463
 0.7463
 0.7463
 0.7463
 1.0796
 1.0796
 1.0796
 1.0796
 1.7580
 1.7580
 1.7580
 1.7580
 1.7580
 2.1034
 2.1034
 2.1034
 2.1034
 2.0477
 2.0477
 2.0477
 2.0477
 2.0477
 0.6052
 0.9183
 1.1740
 1.1740
 1.1740
 1.1740
 1.1740
 0.7463
 0.7463
 0.7463
 0.7463
 0.7463
 1.0796
 1.0796
 1.0796
 1.0796
 1.7580
 1.7580
 1.7580
 1.7580
 1.7580
 2.1034
 2.1034
 2.1034
 2.1034
 2.0477
 2.0477
 2.0477
 2.0477
 2.0477
 0.6052
 0.9183
 1.1740
 1.1740
 1.1740
 1.1740
 1.1740
 0.7463
 0.7463
 0.7463
 0.7463
 0.7463
 1.0796
 1.0796
 1.0796
 1.0796
 1.7580
 1.7580
 1.7580
 1.7580
 1.7580
 2.1034
 2.1034
 2.1034
 2.1034
 2.0477
 2.0477
 2.0477
 2.0477
 2.0477
 0.6052
 0.4562
 0.6142
 0.6142
 0.6142
 0.6142
 0.6142
 0.2144
 0.2144
 0.2144
 0.2144
 0.2144
 1.7920
 1.7920
 1.7920
 1.7920
 3.1302
 3.1302
 3.1302
 3.1302
 3.1302
 3.7222
 3.7222
 3.7222
 3.7222
 2.8016
 2.8016
 2.8016
 2.8016
 2.8016
 1.4742
 0.4562
 0.6142
 0.6142
 0.6142
 0.6142
 0.6142
 0.2144
 0.2144
 0.2144
 0.2144
 0.2144
 1.7920
 1.7920
 1.7920
 1.7920
 3.1302
 3.1302
 3.1302
 3.1302
 3.1302
 3.7222
 3.7222
 3.7222
 3.7222
 2.8016
 2.8016
 2.8016
 2.8016
 2.8016
 1.4742
 0.4562
 0.6142
 0.6142
 0.6142
 0.6142
 0.6142
 0.2144
 0.2144
 0.2144
 0.2144
 0.2144
 1.7920
 1.7920
 1.7920
 1.7920
 3.1302
 3.1302
 3.1302
 3.1302
 3.1302
 3.7222
 3.7222
 3.7222
 3.7222
 2.8016
 2.8016
 2.8016
 2.8016
 2.8016
 1.4742
 0.4562
 0.6142
 0.6142
 0.6142
 0.6142
 0.6142
 0.2144
 0.2144
 0.2144
 0.2144
 0.2144
 1.7920
 1.7920
 1.7920
 1.7920
 3.1302
 3.1302
 3.1302
 3.1302
 3.1302
 3.7222
 3.7222
 3.7222
 3.7222
 2.8016
 2.8016
 2.8016
 2.8016
 2.8016
 1.4742
 0.4562
 0.6142
 0.6142
 0.6142
 0.6142
 0.6142
 0.2144
 0.2144
 0.2144
 0.2144
 1.7920
 1.7920
 1.7920
 1.7920
 1.7920
 3.1302
 3.1302
 3.1302
 3.1302
 3.1302
 3.7222
 3.7222
 3.7222
 3.7222
 2.8016
 2.8016
 2.8016
 2.8016
 2.8016
 1.4742
 0.4562
 0.6142
 0.6142
 0.6142
 0.6142
 0.6142
 0.2144
 0.2144
 0.2144
 0.2144
 1.7920
 1.7920
 1.7920
 1.7920
 1.7920
 3.1302
 3.1302
 3.1302
 3.1302
 3.1302
 3.7222
 3.7222
 3.7222
 3.7222
 2.8016
 2.8016
 2.8016
 2.8016
 2.8016
 1.4742
 0.3275
 0.7097
 0.7097
 0.7097
 0.7097
 0.7097
 1.3205
 1.3205
 1.3205
 1.3205
 2.1284
 2.1284
 2.1284
 2.1284
 2.1284
 0.2388
 0.2388
 0.2388
 0.2388
 0.2388
 3.8083
 3.8083
 3.8083
 3.8083
 3.6885
 3.6885
 3.6885
 3.6885
 3.6885
 2.6403
 0.3275
 0.7097
 0.7097
 0.7097
 0.7097
 0.7097
 1.3205
 1.3205
 1.3205
 1.3205
 2.1284
 2.1284
 2.1284
 2.1284
 2.1284
 0.2388
 0.2388
 0.2388
 0.2388
 0.2388
 3.8083
 3.8083
 3.8083
 3.8083
 3.6885
 3.6885
 3.6885
 3.6885
 3.6885
 2.6403
 0.3275
 0.7097
 0.7097
 0.7097
 0.7097
 0.7097
 1.3205
 1.3205
 1.3205
 1.3205
 2.1284
 2.1284
 2.1284
 2.1284
 2.1284
 0.2388
 0.2388
 0.2388
 0.2388
 0.2388
 3.8083
 3.8083
 3.8083
 3.8083
 3.6885
 3.6885
 3.6885
 3.6885
 3.6885
 2.6403
 0.3275
 0.7097
 0.7097
 0.7097
 0.7097
 0.7097
 1.3205
 1.3205
 1.3205
 1.3205
 2.1284
 2.1284
 2.1284
 2.1284
 2.1284
 0.2388
 0.2388
 0.2388
 0.2388
 0.2388
 3.8083
 3.8083
 3.8083
 3.8083
 3.6885
 3.6885
 3.6885
 3.6885
 3.6885
 2.6403
 0.3275
 0.7097
 0.7097
 0.7097
 0.7097
 0.7097
 1.3205
 1.3205
 1.3205
 1.3205
 2.1284
 2.1284
 2.1284
 2.1284
 2.1284
 0.2388
 0.2388
 0.2388
 0.2388
 0.2388
 3.8083
 3.8083
 3.8083
 3.8083
 3.6885
 3.6885
 3.6885
 3.6885
 3.6885
 2.6403
 1.5876
 1.8965
 1.8965
 1.8965
 1.8965
 1.8965
 2.6738
 2.6738
 2.6738
 2.6738
 1.5000
 1.5000
 1.5000
 1.5000
 1.5000
 0.0000
 0.0000
 0.0000
 0.0000
 0.0000
 0.8459
 0.8459
 0.8459
 0.8459
 4.5169
 4.5169
 4.5169
 4.5169
 4.5169
 2.1891
 1.5876
 1.8965
 1.8965
 1.8965
 1.8965
 1.8965
 2.6738
 2.6738
 2.6738
 2.6738
 1.5000
 1.5000
 1.5000
 1.5000
 1.5000
 0.0000
 0.0000
 0.0000
 0.0000
 0.0000
 0.8459
 0.8459
 0.8459
 0.8459
 4.5169
 4.5169
 4.5169
 4.5169
 4.5169
 2.1891
 1.5876
 1.8965
 1.8965
 1.8965
 1.8965
 1.8965
 2.6738
 2.6738
 2.6738
 2.6738
 1.5000
 1.5000
 1.5000
 1.5000
 1.5000
 0.0000
 0.0000
 0.0000
 0.0000
 0.0000
 0.8459
 0.8459
 0.8459
 0.8459
 4.5169
 4.5169
 4.5169
 4.5169
 4.5169
 2.1891
 1.5876
 1.8965
 1.8965
 1.8965
 1.8965
 1.8965
 2.6738
 2.6738
 2.6738
 2.6738
 1.5000
 1.5000
 1.5000
 1.5000
 1.5000
 0.0000
 0.0000
 0.0000
 0.0000
 0.0000
 0.8459
 0.8459
 0.8459
 0.8459
 4.5169
 4.5169
 4.5169
 4.5169
 4.5169
 2.1891
 1.5876
 1.8965
 1.8965
 1.8965
 1.8965
 1.8965
 2.6738
 2.6738
 2.6738
 2.6738
 1.5000
 1.5000
 1.5000
 1.5000
 1.5000
 0.0000
 0.0000
 0.0000
 0.0000
 0.0000
 0.8459
 0.8459
 0.8459
 0.8459
 4.5169
 4.5169
 4.5169
 4.5169
 4.5169
 2.1891
 1.5876
 1.8965
 1.8965
 1.8965
 1.8965
 1.8965
 2.6738
 2.6738
 2.6738
 2.6738
 1.5000
 1.5000
 1.5000
 1.5000
 1.5000
 0.0000
 0.0000
 0.0000
 0.0000
 0.0000
 0.8459
 0.8459
 0.8459
 0.8459
 4.5169
 4.5169
 4.5169
 4.5169
 4.5169
 2.1891
 1.6329
 2.9658
 2.9658
 2.9658
 2.9658
 2.9658
 1.8881
 1.8881
 1.8881
 1.8881
 3.2034
 3.2034
 3.2034
 3.2034
 3.2034
 0.5980
 0.5980
 0.5980
 0.5980
 0.5980
 2.4887
 2.4887
 2.4887
 2.4887
 3.7969
 3.7969
 3.7969
 3.7969
 3.7969
 1.3482
 1.6329
 2.9658
 2.9658
 2.9658
 2.9658
 2.9658
 1.8881
 1.8881
 1.8881
 1.8881
 3.2034
 3.2034
 3.2034
 3.2034
 3.2034
 0.5980
 0.5980
 0.5980
 0.5980
 0.5980
 2.4887
 2.4887
 2.4887
 2.4887
 3.7969
 3.7969
 3.7969
 3.7969
 3.7969
 1.3482
 1.6329
 2.9658
 2.9658
 2.9658
 2.9658
 2.9658
 1.8881
 1.8881
 1.8881
 1.8881
 3.2034
 3.2034
 3.2034
 3.2034
 3.2034
 0.5980
 0.5980
 0.5980
 0.5980
 0.5980
 2.4887
 2.4887
 2.4887
 2.4887
 3.7969
 3.7969
 3.7969
 3.7969
 3.7969
 1.3482
 1.6329
 2.9658
 2.9658
 2.9658
 2.9658
 2.9658
 1.8881
 1.8881
 1.8881
 1.8881
 3.2034
 3.2034
 3.2034
 3.2034
 3.2034
 0.5980
 0.5980
 0.5980
 0.5980
 0.5980
 2.4887
 2.4887
 2.4887
 2.4887
 3.7969
 3.7969
 3.7969
 3.7969
 3.7969
 1.3482
 1.6329
 2.9658
 2.9658
 2.9658
 2.9658
 2.9658
 1.8881
 1.8881
 1.8881
 1.8881
 3.2034
 3.2034
 3.2034
 3.2034
 3.2034
 0.5980
 0.5980
 0.5980
 0.5980
 0.5980
 2.4887
 2.4887
 2.4887
 2.4887
 3.7969
 3.7969
 3.7969
 3.7969
 3.7969
 1.3482
 1.6329
 2.9658
 2.9658
 2.9658
 2.9658
 2.9658
 1.8881
 1.8881
 1.8881
 1.8881
 3.2034
 3.2034
 3.2034
 3.2034
 3.2034
 0.5980
 0.5980
 0.5980
 0.5980
 0.5980
 2.4887
 2.4887
 2.4887
 2.4887
 3.7969
 3.7969
 3.7969
 3.7969
 3.7969
 1.3482
 0.0833
 1.0419
 1.0419
 1.0419
 1.0419
 1.0419
 0.8392
 0.8392
 0.8392
 0.8392
 2.9074
 2.9074
 2.9074
 2.9074
 2.9074
 3.9384
 3.9384
 3.9384
 3.9384
 3.9384
 3.9310
 3.9310
 3.9310
 3.9310
 3.4116
 3.4116
 3.4116
 3.4116
 3.4116
 0.8608
 0.0833
 1.0419
 1.0419
 1.0419
 1.0419
 1.0419
 0.8392
 0.8392
 0.8392
 0.8392
 2.9074
 2.9074
 2.9074
 2.9074
 2.9074
 3.9384
 3.9384
 3.9384
 3.9384
 3.9384
 3.9310
 3.9310
 3.9310
 3.9310
 3.4116
 3.4116
 3.4116
 3.4116
 3.4116
 0.8608
 0.0833
 1.0419
 1.0419
 1.0419
 1.0419
 1.0419
 0.8392
 0.8392
 0.8392
 0.8392
 2.9074
 2.9074
 2.9074
 2.9074
 2.9074
 3.9384
 3.9384
 3.9384
 3.9384
 3.9384
 3.9310
 3.9310
 3.9310
 3.9310
 3.4116
 3.4116
 3.4116
 3.4116
 3.4116
 0.8608
 0.0833
 1.0419
 1.0419
 1.0419
 1.0419
 1.0419
 0.8392
 0.8392
 0.8392
 0.8392
 2.9074
 2.9074
 2.9074
 2.9074
 2.9074
 3.9384
 3.9384
 3.9384
 3.9384
 3.9384
 3.9310
 3.9310
 3.9310
 3.9310
 3.4116
 3.4116
 3.4116
 3.4116
 3.4116
 0.8608
 0.0833
 1.0419
 1.0419
 1.0419
 1.0419
 1.0419
 0.8392
 0.8392
 0.8392
 0.8392
 2.9074
 2.9074
 2.9074
 2.9074
 2.9074
 3.9384
 3.9384
 3.9384
 3.9384
 3.9384
 3.9310
 3.9310
 3.9310
 3.9310
 3.4116
 3.4116
 3.4116
 3.4116
 3.4116
 0.8608
 1.7145
 2.2594
 2.2594
 2.2594
 2.2594
 2.2594
 1.2270
 1.2270
 1.2270
 1.2270
 2.7778
 2.7778
 2.7778
 2.7778
 2.7778
 2.8984
 2.8984
 2.8984
 2.8984
 2.8984
 2.7389
 2.7389
 2.7389
 2.7389
 2.7429
 2.7429
 2.7429
 2.7429
 2.7429
-0.1886
 1.7145
 2.2594
 2.2594
 2.2594
 2.2594
 2.2594
 1.2270
 1.2270
 1.2270
 1.2270
 2.7778
 2.7778
 2.7778
 2.7778
 2.7778
 2.8984
 2.8984
 2.8984
 2.8984
 2.8984
 2.7389
 2.7389
 2.7389
 2.7389
 2.7429
 2.7429
 2.7429
 2.7429
 2.7429
-0.1886
 1.7145
 2.2594
 2.2594
 2.2594
 2.2594
 2.2594
 1.2270
 1.2270
 1.2270
 1.2270
 2.7778
 2.7778
 2.7778
 2.7778
 2.7778
 2.8984
 2.8984
 2.8984
 2.8984
 2.8984
 2.7389
 2.7389
 2.7389
 2.7389
 2.7429
 2.7429
 2.7429
 2.7429
 2.7429
-0.1886
 1.7145
 2.2594
 2.2594
 2.2594
 2.2594
 2.2594
 1.2270
 1.2270
 1.2270
 1.2270
 2.7778
 2.7778
 2.7778
 2.7778
 2.7778
 2.8984
 2.8984
 2.8984
 2.8984
 2.8984
 2.7389
 2.7389
 2.7389
 2.7389
 2.7429
 2.7429
 2.7429
 2.7429
 2.7429
-0.1886
 1.7145
 2.2594
 2.2594
 2.2594
 2.2594
 2.2594
 1.2270
 1.2270
 1.2270
 1.2270
 2.7778
 2.7778
 2.7778
 2.7778
 2.7778
 2.8984
 2.8984
 2.8984
 2.8984
 2.8984
 2.7389
 2.7389
 2.7389
 2.7389
 2.7429
 2.7429
 2.7429
 2.7429
 2.7429
-0.1886
[ CPUDoubleType{2100,1} ]
