-2.4721e+00
-3.5266e+00
-4.1034e+00
-5.1273e+00
-6.2037e+00
-6.7830e+00
-6.0447e+00
-5.8668e+00
-4.8131e+00
-3.0302e+00
-1.6109e+00
 2.6355e+00
 8.6476e-01
-1.8817e+00
-4.6436e+00
-6.2849e+00
-6.4150e+00
-4.4929e+00
-1.7161e+00
-4.3811e-01
-1.2264e-01
-3.4991e-01
-7.9865e-01
-1.0350e+00
-1.0532e+00
-2.2717e+00
-6.1935e+00
-2.9476e+00
 3.6734e+00
 4.9586e+00
-1.3651e+00
-3.5381e+00
-4.3300e+00
-5.4456e+00
-6.6483e+00
-7.4076e+00
-6.9216e+00
-6.8142e+00
-5.3329e+00
-2.8133e+00
-9.1160e-01
 3.1542e+00
 7.6277e-01
-2.7915e+00
-6.3551e+00
-7.5902e+00
-6.0653e+00
-3.3232e+00
-5.5701e-01
 7.3990e-01
 1.1891e+00
 6.5350e-01
-9.7029e-01
-3.1617e+00
-5.7364e+00
-6.4114e+00
-8.0957e+00
-2.7037e+00
 4.3769e+00
 4.8883e+00
-1.6747e+00
-3.7257e+00
-4.3193e+00
-5.2550e+00
-6.3491e+00
-7.2943e+00
-7.2223e+00
-7.3048e+00
-5.9039e+00
-4.0727e+00
-1.0314e+00
 2.9127e+00
 3.9876e-01
-3.4395e+00
-6.9569e+00
-7.2577e+00
-5.1974e+00
-2.7521e+00
 3.9293e-01
 2.6781e+00
 3.8609e+00
 2.7820e+00
-2.7923e-01
-4.1415e+00
-8.4825e+00
-9.0693e+00
-8.1576e+00
-2.5831e+00
 4.0192e+00
 3.8961e+00
-1.3307e+00
-3.8857e+00
-4.2395e+00
-4.7445e+00
-5.2426e+00
-6.8255e+00
-8.3277e+00
-7.3182e+00
-3.3094e+00
-5.6517e-01
-2.0367e-02
 2.8136e+00
 3.5269e-01
-3.5258e+00
-7.0961e+00
-7.5496e+00
-6.5152e+00
-4.7175e+00
-4.8405e-01
 3.6256e+00
 5.7300e+00
 4.3885e+00
 2.9478e-01
-4.9302e+00
-1.0678e+01
-1.1389e+01
-6.5468e+00
 5.1007e-02
 5.6654e+00
 4.7972e+00
-8.9903e-01
-3.6102e+00
-4.2157e+00
-5.2477e+00
-5.9727e+00
-6.6912e+00
-7.3659e+00
-6.0793e+00
-2.6081e+00
-8.8737e-01
-8.4865e-01
 2.3137e+00
 6.3799e-01
-2.1949e+00
-4.6026e+00
-5.3005e+00
-6.1203e+00
-5.2742e+00
-1.1543e+00
 1.9411e+00
 5.2313e+00
 4.1699e+00
-1.2203e-02
-5.7004e+00
-1.1056e+01
-9.0295e+00
-2.8073e+00
 2.2645e+00
 7.4921e+00
 6.2749e+00
 1.7058e-01
-3.0515e+00
-4.3068e+00
-5.7117e+00
-6.1632e+00
-5.7312e+00
-5.1284e+00
-4.3462e+00
-2.4307e+00
-2.0193e+00
-2.1609e+00
 1.9581e+00
 1.7265e+00
 1.0526e+00
 2.1328e+00
 3.3890e+00
 1.8498e-01
-7.1289e-01
 2.3109e+00
 4.4714e+00
 5.2996e+00
 3.5644e+00
-2.5569e-01
-5.7732e+00
-1.0452e+01
-8.0856e+00
-4.0859e+00
-1.4619e+00
 4.7402e+00
 5.2351e+00
 2.8682e-01
-3.0510e+00
-4.8119e+00
-6.3087e+00
-6.2105e+00
-4.3268e+00
-2.2147e+00
-2.0566e+00
-2.0778e+00
-3.1348e+00
-3.2605e+00
 1.9095e+00
 2.7746e+00
 3.6088e+00
 8.5516e+00
 1.4045e+01
 1.0144e+01
 5.8412e+00
 5.2170e+00
 4.6862e+00
 4.2033e+00
 2.7925e+00
 3.4685e-01
-2.7781e+00
-3.7081e+00
-4.3409e-01
-1.9150e-01
 1.7772e-01
 5.0344e+00
 3.9310e+00
-1.3401e+00
-3.3184e+00
-4.3564e+00
-5.3098e+00
-4.2229e+00
-1.1573e+00
 4.9205e-01
-1.3339e+00
-2.2188e+00
-3.2022e+00
-3.3940e+00
 1.4532e+00
 1.7004e+00
 3.1952e+00
 1.2009e+01
 2.1552e+01
 1.8120e+01
 9.6404e+00
 3.5598e+00
 1.0417e+00
 1.7828e+00
 2.7469e+00
 2.8678e+00
 3.7775e+00
 1.0914e+01
 2.1187e+01
 1.6352e+01
 1.2087e+01
 1.1521e+01
 6.2336e+00
 1.6333e+00
-3.7318e-01
-1.5340e+00
-2.7415e+00
-1.8922e+00
-1.3382e-01
-9.3913e-01
-4.5407e+00
-4.8170e+00
-4.1700e+00
-4.1920e+00
-6.9818e-01
-1.1451e+00
 2.3870e+00
 1.5701e+01
 2.8194e+01
 2.3207e+01
 9.5807e+00
-1.0421e+00
-4.3666e+00
-6.9216e-01
 3.3322e+00
 5.3342e+00
 8.3726e+00
 2.3417e+01
 4.4241e+01
 3.7589e+01
 2.5658e+01
 1.7016e+01
 7.2911e+00
 2.1427e+00
-5.7024e-02
-5.7313e-01
-2.7012e-01
 1.8917e+00
 2.3671e+00
 8.5617e-02
-2.5284e+00
-3.3288e+00
-4.6161e+00
-5.4126e+00
-1.1125e+00
 1.8404e+00
 8.3156e+00
 2.4433e+01
 3.6028e+01
 2.5092e+01
 5.1644e+00
-5.9181e+00
-6.5510e+00
-3.5017e-01
 3.6403e+00
 3.8928e+00
 6.4232e+00
 2.8647e+01
 5.7122e+01
 5.0581e+01
 3.0540e+01
 1.1885e+01
 7.3952e-01
-6.9486e-01
-5.3437e-01
 4.0256e-01
 2.6169e+00
 7.7344e+00
 1.0043e+01
 6.2160e+00
 1.6768e-01
-3.7111e+00
-2.4479e+00
 4.6180e+00
 1.3556e+01
 1.5729e+01
 2.0396e+01
 3.4327e+01
 3.8153e+01
 1.8888e+01
-2.9187e+00
-9.1824e+00
-4.2314e+00
 3.9423e-01
-7.2296e-02
-1.7595e+00
 3.7403e+00
 3.3987e+01
 6.5963e+01
 5.4151e+01
 2.5549e+01
 1.7104e+00
-7.6004e+00
-4.5675e+00
-1.8570e+00
 3.1431e-01
 3.7211e+00
 1.1971e+01
 1.7581e+01
 1.1731e+01
 2.2700e+00
-3.7051e-02
 2.3752e+00
 5.2431e+00
 1.1832e+01
 1.4369e+01
 2.1179e+01
 3.5191e+01
 2.9761e+01
 7.4182e+00
-5.2075e+00
-6.3482e+00
-3.5257e+00
-4.1344e+00
-2.9440e-01
 5.2362e+00
 1.5309e+01
 5.0397e+01
 7.9301e+01
 5.4110e+01
 1.3639e+01
-6.2660e+00
-1.0172e+01
-5.5433e+00
-3.4726e+00
-2.7562e+00
-7.2157e-01
 8.5110e+00
 1.5359e+01
 7.9714e+00
-3.5493e-01
-1.2457e+00
-1.2209e+00
 2.0767e+00
 1.0592e+01
 1.4046e+01
 2.0971e+01
 3.2232e+01
 2.2439e+01
 8.0960e+00
-2.9036e+00
-7.0335e+00
-1.6161e+00
 1.6864e+01
 2.9672e+01
 3.2805e+01
 3.8136e+01
 7.0322e+01
 8.1078e+01
 3.6881e+01
-3.6216e+00
-5.8352e+00
 4.5900e-01
-2.5279e+00
-5.6267e+00
-6.1912e+00
-4.7606e+00
 3.6071e+00
 8.9963e+00
 2.9021e+00
-5.6406e-01
-3.5861e+00
-8.5941e+00
-5.2792e+00
 4.5657e+00
 1.0116e+01
 1.7755e+01
 2.7356e+01
 1.4682e+01
-1.1709e+00
-1.3842e+01
-7.4593e-01
 8.4594e+00
 1.6553e+01
 2.5612e+01
 2.9656e+01
 3.8945e+01
 7.5321e+01
 6.2419e+01
 7.3129e+00
-2.0889e+01
-8.6342e+00
 9.2166e+00
-4.1661e+00
-3.6499e+00
-1.3409e+00
 2.7127e-01
 7.5843e+00
 1.1619e+01
 9.0972e-01
-8.7271e+00
-1.1737e+01
-1.1124e+01
-5.3654e+00
 1.6201e-01
 3.6010e+00
 5.8651e+00
 9.1788e+00
-4.3107e+00
-2.9323e+01
-2.8218e+01
-5.3240e-01
 1.3883e+00
 1.0941e+01
 2.3512e+01
 2.9880e+01
 4.0210e+01
 7.4333e+01
 4.3608e+01
 1.7465e+01
-6.5038e+00
-1.0127e+00
 8.9158e-03
 8.0269e+00
 1.3402e+01
 1.2938e+01
 9.8186e+00
 1.3241e+01
 9.6159e+00
-1.2409e+01
-1.2989e+01
 5.7508e+00
 7.6226e+00
-2.9680e-01
 1.1717e+00
 5.0672e+00
 1.6914e+00
-8.1024e+00
-2.6888e+01
-4.5668e+01
-2.7898e+01
-1.0896e+01
-1.2949e+01
-2.0124e+00
 1.2255e+01
 2.4143e+01
 3.6342e+01
 6.7659e+01
 2.7961e+01
 6.3042e+00
-1.3460e+01
-4.6432e+00
-7.9732e-01
 7.7840e+00
 1.1100e+01
 1.0209e+01
 9.6345e+00
 1.3981e+01
 5.9418e-01
-2.6913e+01
-2.3045e+01
-1.2386e+00
 1.1154e+01
 1.2154e-02
 5.7001e+00
 8.7700e+00
-1.4283e+00
-1.9771e+01
-2.4283e+01
-3.4523e+01
-4.4909e+01
-4.8738e+01
-2.7714e+01
-2.9433e+00
 1.0102e+01
 1.8360e+01
 2.1908e+01
 3.7962e+01
 1.3646e+01
-2.6421e+01
-3.5113e+01
-8.2383e+00
-2.2822e-01
 4.3017e+00
 8.1940e+00
 1.0149e+01
 1.2502e+01
 1.8020e+01
 3.6360e+00
-5.3733e+00
 3.1130e+00
 1.0143e+01
 6.2677e+00
 1.2584e+01
 1.8006e+01
 1.6187e+01
 1.9914e-01
-1.6328e+01
 1.8187e+00
-1.7769e+01
-2.0725e+01
-1.7355e+00
 5.0009e+00
 7.6299e+00
 1.5426e+01
 2.5865e+01
 2.3556e+01
 2.2024e+01
 1.4926e+01
-1.9720e-02
-1.0813e+01
-8.0262e+00
-6.1840e-01
 3.6901e+00
 4.5809e+00
 1.0163e+01
 1.2130e+01
 1.1153e+01
-1.4346e+01
-4.0382e+01
-3.0642e+01
-1.2116e+01
-4.4261e+00
 1.2869e+01
 1.5561e+01
 1.0405e+01
-1.1081e+00
-1.8355e+00
 3.9044e+01
 3.7639e+01
 5.1339e+01
 5.4080e+01
 3.0984e+01
 8.9645e+00
 2.2133e+01
 3.1937e+01
 2.0132e+01
-1.3308e+00
 4.9093e+01
 8.7744e+01
 2.3172e+01
-3.8317e+01
-3.2381e+01
 1.0555e+01
 1.4398e+01
 1.5175e+01
 1.0820e+01
-8.3756e+00
-3.5268e+01
-5.7395e+01
-4.5987e+01
-3.9291e+00
 8.2905e+00
 4.7741e+00
 1.3329e+00
-6.3335e+00
-2.3158e+01
-5.2020e+00
 6.8386e+01
 1.1963e+02
 1.4099e+02
 1.2055e+02
 6.5222e+01
 3.5547e+01
 3.8807e+01
 4.0612e+01
 2.7276e+01
 1.5012e+01
 1.3168e+02
 1.5946e+02
 6.8209e+01
 4.5784e+01
 1.9753e+01
 1.8578e+00
 2.1187e+00
 1.2158e+01
 5.4736e+00
-7.7556e+00
 1.0174e+01
 1.7844e+01
 1.5250e+01
-3.1038e+00
 3.1945e+01
 6.5546e+00
-8.3424e+00
-1.0297e+01
-2.8562e+01
-6.3163e+00
 5.2262e+01
-2.2889e+01
-3.3361e+01
 1.6760e+01
 3.7048e+01
 3.8852e+01
 3.9958e+01
 3.7682e+01
 3.1599e+01
 5.2223e+01
 2.5124e+02
 3.1171e+02
 2.2594e+02
 1.4499e+02
 5.5425e+01
-3.0813e+01
-5.8219e+00
 1.0010e+01
-8.4105e+00
-3.7643e+01
 7.5807e+00
 3.8743e+01
 1.7946e+01
-7.0750e+01
-2.9558e+01
 3.9158e+01
 1.2787e+01
 6.1763e+00
 4.9928e-01
 1.4791e+01
 3.7152e+01
-1.1985e+02
-1.3895e+02
-1.3995e+01
 3.5143e+01
 2.1228e+01
 7.1869e+00
-1.5818e+01
-5.7947e+01
 2.7984e+00
 3.1374e+02
 5.0050e+02
 4.3575e+02
 3.7753e+02
 1.5840e+02
 2.2032e+01
 3.2741e+00
 4.4687e+00
-3.1452e+00
-7.2586e+00
 2.4917e+00
-2.3403e+01
-4.4819e+01
 4.6916e+01
 5.2219e+01
 1.4699e+00
-7.7029e+00
 1.2886e+00
 4.7632e-01
 2.1613e+01
 1.2588e+02
-1.2022e+01
-5.7138e+01
-1.5984e+01
 2.2110e+01
-1.6529e+01
-3.0823e+01
-5.1831e+01
-1.0727e+02
 1.8397e+01
 3.7554e+02
 2.5886e+02
 5.5875e+01
 1.1188e+02
 7.8321e+01
 3.3404e+01
 2.1251e+01
 1.6569e+01
 1.7121e+00
 3.6829e-01
 4.8515e+01
 2.1173e+00
-3.3011e+01
 9.1817e+01
 6.4044e+01
-7.0758e+01
-3.0202e+00
 6.2468e+00
-1.3600e+01
-4.1746e+01
 9.5839e+01
 1.4596e+01
-7.5516e+01
-8.8784e+01
-3.2220e+01
-7.7352e+00
-2.0698e+01
-3.0910e+01
-5.3288e+01
 1.6797e+02
 5.2249e+02
-1.5610e+02
-2.7405e+02
-7.8217e+00
 1.0190e+02
 3.9792e+01
 3.3645e-01
-1.9722e+01
-4.6383e+01
-3.6598e+01
 3.8215e+01
 9.6786e+01
 2.9734e+02
 5.0575e+02
 1.5984e+02
-4.8760e+00
-4.9730e+00
-5.5975e+00
-9.5725e-01
 4.5913e+01
 3.5782e+01
-6.1804e+01
-6.5802e+01
 9.5143e+00
 4.7370e+01
 2.5044e+01
-4.4686e+00
-2.1085e+01
-1.8491e+01
 2.1334e+02
 5.5067e+02
-1.1106e+02
-1.8856e+02
-4.0990e+01
 1.0511e+02
 2.6263e+01
-2.4957e+01
-5.3008e+01
-8.6305e+01
-3.9711e+01
 8.6021e+01
 1.2169e+02
 1.4759e+02
 6.2376e+01
-3.1717e+01
-8.8118e+00
 1.9499e+00
 4.1265e+00
-3.5667e+00
-3.9632e+00
 5.5438e+01
-1.1046e+01
-1.6969e+01
 4.9998e+01
 7.3995e+01
 1.2365e+01
 2.6910e+01
-2.9417e+00
-1.9827e+01
 1.5737e+02
 4.8887e+02
 9.6917e+01
-3.9618e+01
-5.1895e+01
 4.8966e+01
 4.9906e+00
-3.2589e+01
-5.2676e+01
-5.3699e+01
 7.9789e+01
 2.2044e+02
-1.5458e+01
-1.5004e+02
-5.7758e+01
 1.4202e+01
 2.2500e+01
 8.4843e+00
 7.1449e+00
 1.1963e+01
 9.1865e+00
-7.8495e-01
-3.6958e+01
 7.5115e+01
 1.7143e+02
 6.7444e+01
 2.9321e+01
 2.9365e+01
 1.3350e+01
 1.0080e+01
 1.4941e+02
 3.5536e+02
 5.6851e+01
-3.1646e+01
-1.2618e+01
 3.1834e+01
 3.6197e+00
-2.5458e+01
-3.9819e+01
-1.4710e+01
 1.3446e+02
 2.1452e+02
-5.7774e+01
-1.3721e+02
-7.8570e+00
 5.2296e+01
 2.0034e+01
 1.1362e+00
-7.8174e+00
-9.0835e+00
-1.2536e+01
-9.4201e+00
 1.9555e+01
 3.6850e+01
 1.8813e+00
-3.9343e+01
-3.3233e+01
-1.7093e+01
-4.5730e+00
-1.6808e+01
 8.0902e+01
 1.5784e+02
-3.4877e+01
-2.9771e+01
 6.3227e+00
 1.6639e+01
 5.4507e-01
-4.0567e+00
-1.3650e+01
 8.6451e+00
 1.1634e+02
 1.9573e+02
 3.7592e+01
-1.7667e+01
-1.0161e+00
 1.4403e+01
 1.7747e+00
-9.7640e+00
-8.5582e+00
-5.6358e+00
 1.2638e+01
 4.2771e+01
 1.0574e+01
-3.6712e+01
-3.3412e+01
-8.9661e+00
 1.5524e+01
 1.3459e+01
-6.3137e+00
 1.4634e+01
 9.2244e+01
 7.2991e+01
 5.0829e+00
-6.7199e+00
 1.8810e+01
 3.0928e+00
 4.2140e+00
 9.5309e+00
 1.1008e+01
 2.0665e+01
 7.6473e+01
 1.2125e+02
 2.3139e+01
-1.6212e+01
-1.0484e+01
 2.5010e+00
-2.7468e+00
-9.8321e+00
-5.6789e+00
-6.3916e+00
 1.8057e+01
 2.3557e+01
-3.0235e+01
-4.5425e+01
-9.5491e+00
 5.7420e+00
 6.7584e+00
 8.5991e+00
-7.9378e+00
-1.0255e+01
 3.0012e+01
-4.3246e+01
 2.3391e+00
 4.1443e+00
 5.0703e-01
-2.5185e+00
-1.5308e+01
-8.7934e+00
 1.2207e+00
-2.5794e+00
 2.2370e+01
 3.2190e+01
-2.3883e+01
-2.5869e+01
-1.1645e+01
-3.5740e+00
-2.4710e+00
-4.8799e+00
-9.2780e+00
 1.1574e-01
 1.8665e+01
 2.3160e+01
-7.4112e+00
-6.9406e+00
 6.4511e+00
 2.0090e+00
-3.2940e+00
 3.3229e+00
 1.2240e+01
 1.0735e+01
 1.8236e+01
 9.7685e+00
-1.2699e+01
-1.4691e+01
 1.2324e+00
 8.2346e+00
 9.8077e+00
 1.0388e+01
 1.6734e+00
 4.2089e+00
 2.8786e+01
 2.9185e+01
 9.5869e+00
-6.4973e+00
-5.1474e+00
-2.5264e+00
 2.4712e+00
 4.6203e+00
 4.2309e+00
 6.0644e+00
 7.1770e+00
 5.5799e+00
-1.1754e+01
-1.0325e+01
 1.8606e+00
 5.9873e+00
-1.3264e+00
-1.0276e+00
 5.4511e+00
-3.7146e+00
-3.1225e+00
-3.0771e-01
-2.5718e+01
-3.0418e+01
-2.6612e+00
 8.8186e+00
 5.9997e+00
 6.4488e+00
-1.2308e+00
-3.6899e+00
 1.4335e+00
-1.3604e+01
 1.2666e+00
 2.9266e+00
-7.2319e-01
 4.8186e-01
-1.7518e+00
-6.4104e-01
 9.6211e-01
-1.4616e+00
-3.2622e+00
-5.1611e+00
-1.5794e+01
-1.2306e+01
-3.9547e+00
 4.1930e-02
 8.6220e-01
-5.0131e-01
-1.7847e+01
-3.2551e+00
-1.9572e+00
 6.0493e+00
-1.1648e+01
-9.9299e+00
 6.1573e+00
 1.1953e+01
 3.6610e+00
 7.2972e+00
 1.0192e+01
 7.8889e+00
 9.3023e+00
 9.2044e+00
-6.5332e-01
-2.7997e+00
 2.4706e-01
 2.8069e+00
 5.6724e+00
 6.0850e+00
 2.9609e+00
 1.4560e+00
 2.2707e+00
 2.0131e+00
-3.5216e+00
-3.8310e+00
 6.4588e-01
 5.3971e+00
 1.1594e+01
 1.0782e+01
-1.2452e+00
 2.1885e+00
-2.3822e+00
 2.6697e+00
-1.0602e+01
-6.7628e+00
 5.8533e+00
 1.2126e+01
 4.1846e+00
 3.5172e+00
 5.3660e+00
 1.0522e+00
 1.2705e+00
 4.7379e+00
-4.6384e+00
-7.9554e+00
-1.7857e+00
 2.2793e+00
 4.2601e+00
 4.5265e+00
 1.3961e+00
-3.0778e-01
 6.3004e-01
 2.1185e-01
 1.4857e-01
 6.7822e-01
-1.5688e+00
-1.7687e+00
 1.8017e+00
 1.9522e+00
-5.4672e+00
-3.5725e+00
-5.2670e+00
 6.7320e-01
-1.1936e+01
-4.2890e+00
 6.2074e+00
 9.9621e+00
 2.8166e+00
 1.1117e+00
-4.8333e+00
-1.6877e+00
 2.0476e+00
 6.9082e+00
 9.7319e-01
-2.2619e+00
 8.8200e-01
 3.0153e+00
 1.7724e+00
 3.3884e+00
 3.4783e+00
 1.2558e+00
 4.8156e+00
 7.6453e+00
 6.9926e-01
-2.1229e+00
-1.3073e+00
 1.5510e-01
 5.9586e+00
 4.4191e+00
-2.6517e+00
 1.7090e+00
-3.0353e+00
-1.3730e+00
-1.1223e+01
-7.9506e-01
 1.0084e+01
 1.2315e+01
 1.2161e+01
 1.0919e+01
 4.2038e+00
 7.9407e-01
 1.0693e+00
 5.2106e+00
 1.8290e+00
 7.4947e-01
 3.0979e+00
 5.0609e+00
 3.7681e+00
 2.5779e+00
 4.0632e+00
 1.6684e+00
 3.1250e+00
 6.5336e+00
 9.3901e-01
-5.0790e-01
 1.5310e+00
 2.0514e+00
 5.0784e+00
 3.4831e+00
-4.4926e+00
-2.1400e+00
 1.3068e+00
 2.2232e+00
-4.4490e+00
 4.1282e+00
 6.3470e+00
 4.6448e+00
 4.5310e+00
 5.0952e+00
 1.9967e+00
-1.3745e+00
-2.5934e+00
 9.3612e-01
-1.4304e+00
 6.0816e-01
 3.3185e+00
 3.6616e+00
 6.0167e+00
 1.6709e+00
-1.1396e+00
 4.1377e-01
 3.9852e+00
 1.0071e+01
 4.1864e+00
-2.1124e+00
-1.8737e+00
 7.6823e-01
 5.0873e+00
 3.0493e+00
-6.8061e-02
-5.8245e+00
 3.1151e+00
 2.9688e+00
-8.6833e+00
-5.1686e+00
 3.9579e+00
 8.1876e+00
 6.2394e+00
 4.4835e+00
 1.5538e+00
 1.0962e+00
-1.0672e+00
-1.2586e+00
-3.1065e+00
 7.3074e-01
 5.0411e+00
 8.4166e+00
 1.3269e+01
 1.3122e+01
 5.5330e+00
-8.6073e-01
 2.0933e+00
 8.0734e+00
 5.3916e+00
 1.6886e+00
-3.7127e-01
 1.0337e+00
 9.3762e+00
 8.9669e+00
 1.0366e+01
 2.4951e+00
 6.6659e+00
 6.8708e+00
-5.7508e+00
-4.7280e+00
 4.8815e+00
 9.7511e+00
 6.2474e+00
 3.7510e+00
 4.4132e-01
-6.1404e-02
 1.0366e+00
 1.3615e+00
-8.6863e-01
 3.0643e+00
 4.0382e+00
 3.7511e+00
 7.5345e+00
 7.6817e+00
 4.5119e+00
-2.2114e-01
-3.2056e+00
 5.2141e-01
 1.1718e+00
 2.3055e+00
 3.4141e-01
-1.5219e+00
 1.4238e+01
 5.5461e+00
 7.0188e+00
 5.8536e+00
 7.1446e+00
 2.0341e+01
 1.9397e+00
-2.3579e+00
 3.1268e+00
 7.5920e+00
 5.5905e+00
 3.5645e+00
 1.2220e+00
-4.9752e-01
 2.8001e+00
 2.5420e+00
-3.5779e+00
-3.9657e+00
 9.0350e-01
 3.7342e+00
 6.1935e+00
 4.6094e+00
 5.4298e-01
 6.4132e-01
-8.1080e-01
-2.4326e+00
-9.3201e-01
 7.5565e-01
 2.6752e+00
 7.6470e+00
 2.2582e+01
 1.7827e+01
 1.3536e+01
 5.6577e+00
 7.4394e+00
 1.7106e+01
 4.2267e+00
 1.6081e+00
 3.4030e+00
 5.3223e+00
 5.0922e+00
 5.5377e+00
 5.9387e+00
 3.8782e+00
 5.6247e+00
 5.9788e+00
 8.9852e-01
-6.1643e-01
 1.6865e+00
 5.5440e+00
 8.5644e+00
 4.0539e+00
 1.3212e+00
 2.1940e-01
-4.1468e-01
 4.5043e-01
-3.6427e-01
 5.7412e+00
 5.2205e+00
 4.6528e+00
 1.8868e+01
 9.9250e+00
 3.0093e+00
 3.7506e+00
 4.0523e+00
 3.7806e+00
 1.7369e+00
 6.4914e-01
 1.4906e+00
 6.4183e-01
 5.1835e+00
 2.9930e+00
 2.8576e+00
 2.6870e+00
 5.0542e+00
 9.6782e+00
 4.3679e+00
 2.5583e+00
 5.4325e+00
 8.9102e+00
 1.1375e+01
 6.0255e+00
 3.3087e+00
 3.9876e+00
 5.1814e+00
 4.6169e+00
 6.4209e-01
-2.3728e+00
 2.2599e+00
 2.6856e+00
 1.4944e+01
 8.3355e+00
 6.0411e-01
 1.7021e+00
 3.3180e+00
-5.9850e-01
-2.2764e+00
-3.6995e+00
 2.3380e+00
 4.7893e+00
 9.3028e+00
 8.9804e+00
 5.8433e+00
 1.9874e+00
 2.4139e+00
 5.4448e+00
 3.7201e+00
 4.9125e+00
 9.2737e+00
 1.1100e+01
 7.4882e+00
 4.5116e+00
 5.6631e+00
 6.3412e+00
 7.0178e+00
 6.3498e+00
 6.0190e+00
 2.9498e+00
-1.7236e+00
 1.5106e+00
 1.5004e+01
 4.8083e+00
 2.2469e+00
 2.8836e+00
 1.4913e+00
 7.2132e-01
 6.5396e-01
 5.9440e+00
 5.2633e+00
 5.4107e+00
 7.7581e+00
 5.1558e+00
 1.5387e+00
 1.8174e+00
 2.3736e+00
 1.9033e+00
 2.8640e+00
 5.2799e+00
 7.6704e+00
 6.7020e+00
 9.8332e+00
 7.5478e+00
 3.2679e+00
 2.4425e+00
 5.2443e+00
 5.9259e+00
 7.1697e+00
 8.2153e+00
 6.2473e+00
 6.7267e+00
 1.7151e+01
 4.6567e+00
 2.3574e+00
 5.7000e+00
 7.9128e+00
 3.6382e+00
 4.4715e-01
-7.7747e-01
 1.4330e+00
 2.7600e+00
 5.6881e+00
 4.5128e+00
 1.1794e+00
 1.1628e+00
 1.8592e+00
 1.7123e+00
 3.9697e+00
 5.7048e+00
 8.6729e+00
 1.0262e+01
 1.4472e+01
 1.4016e+01
 7.8813e+00
 2.0698e+00
-2.0354e-01
-7.3329e-01
 4.3839e+00
 1.1797e+01
 1.6174e+01
 1.7147e+01
 1.0069e+01
 2.9625e+00
 4.8975e+00
 5.5311e+00
 4.3893e+00
 7.2456e+00
 1.0327e+01
 9.2551e+00
 7.8038e+00
 3.2033e+00
 4.7355e+00
 2.4949e+00
 8.7710e-01
 1.7378e+00
 3.1866e+00
 4.9540e+00
 6.5303e+00
 8.4974e+00
 8.4965e+00
 9.8183e+00
 1.2895e+01
 1.1916e+01
 8.4459e+00
 6.0257e+00
 4.7267e+00
 1.8773e+00
 4.9131e+00
 1.3713e+01
 1.8077e+01
 1.4152e+01
 2.4825e+01
 1.9688e+01
 7.0220e+00
 2.7790e+00
 6.5163e+00
 9.5806e+00
 1.2039e+01
 1.5552e+01
 7.2277e+00
 2.0721e+00
 4.0986e+00
 1.4867e+00
 3.6969e-01
 3.6294e+00
 6.6976e+00
 5.4069e+00
 5.1623e+00
 6.7107e+00
 7.4086e+00
 8.6800e+00
 1.1102e+01
 1.0178e+01
 8.7123e+00
 6.3148e+00
 4.7841e+00
 4.6665e+00
 1.1505e+01
 1.6038e+01
 1.8520e+01
 1.7120e+01
 2.9758e+01
 3.1002e+01
 1.7690e+01
 6.5868e+00
 1.4332e+00
 2.5608e+00
 1.1768e+01
 2.1856e+01
 1.3959e+01
 6.7446e+00
 3.6310e+00
 2.0299e+00
 3.5230e+00
 5.7735e+00
 6.3231e+00
 7.4625e+00
 1.0996e+01
 1.3355e+01
 1.3171e+01
 1.1487e+01
 9.5528e+00
 7.3659e+00
 6.0748e+00
 5.8358e+00
 8.9617e+00
 1.2974e+01
 1.3493e+01
 1.5287e+01
 1.4101e+01
 1.6358e+01
 2.2914e+01
 2.2994e+01
 1.5809e+01
 8.9903e+00
 9.1355e+00
 6.1420e+00
 8.7027e+00
 1.7617e+01
 1.5271e+01
 5.9432e+00
 1.2031e+01
 1.1243e+01
 6.9420e+00
 5.5733e+00
 6.7969e+00
 8.8060e+00
 1.3235e+01
 1.5437e+01
 1.1488e+01
 8.3674e+00
 7.6639e+00
 6.1353e+00
 5.3229e+00
 7.9407e+00
 1.2790e+01
 1.0781e+01
 1.1123e+01
 1.6593e+01
 1.5568e+01
 1.6247e+01
 1.9496e+01
 1.6683e+01
 1.5326e+01
 9.7165e+00
 1.0388e+01
 9.8306e+00
 1.1093e+01
 1.4349e+01
 1.3131e+01
 7.1467e+00
 1.3403e+01
 1.6881e+01
 1.2718e+01
 7.0374e+00
 4.1268e+00
 6.1961e+00
 1.4001e+01
 1.7678e+01
 1.2270e+01
 8.2271e+00
 7.2103e+00
 6.5743e+00
 7.8683e+00
 1.1859e+01
 1.2447e+01
 9.9272e+00
 1.2930e+01
 1.8472e+01
 1.8461e+01
 1.8225e+01
 1.7454e+01
 1.3497e+01
 1.2612e+01
 9.7177e+00
 1.2372e+01
 1.2542e+01
 1.1679e+01
 1.2051e+01
 1.0283e+01
 6.6230e+00
 1.2196e+01
 1.5201e+01
 1.2539e+01
 8.6468e+00
 6.8474e+00
 7.6788e+00
 1.1898e+01
 1.3409e+01
 9.8001e+00
 5.5055e+00
 8.3738e+00
 9.6007e+00
 1.1235e+01
 1.2248e+01
 1.0940e+01
 9.8518e+00
 1.5853e+01
 1.9033e+01
 1.6583e+01
 1.4333e+01
 1.6054e+01
 1.2949e+01
 1.1252e+01
 9.4610e+00
 1.2676e+01
 1.0723e+01
 9.8524e+00
 1.2181e+01
 1.1033e+01
 8.2273e+00
 1.1294e+01
 1.2343e+01
 1.1334e+01
 8.9088e+00
 8.0950e+00
 9.1240e+00
 1.0733e+01
 1.0008e+01
 7.7704e+00
 6.9254e+00
 9.0949e+00
 1.2207e+01
 1.3691e+01
 1.0711e+01
 8.3070e+00
 9.3841e+00
 1.7596e+01
 1.8978e+01
 1.3788e+01
 1.2179e+01
 1.5614e+01
 1.3027e+01
 1.1457e+01
 1.0311e+01
 1.2341e+01
 9.6520e+00
 1.0061e+01
 1.2646e+01
 1.2479e+01
 1.0205e+01
 1.0707e+01
 1.0500e+01
 1.0011e+01
 8.9845e+00
 8.5742e+00
 8.6124e+00
 9.0193e+00
 8.0401e+00
 6.5186e+00
 6.7449e+00
 9.7503e+00
 1.3060e+01
 1.2321e+01
 9.2383e+00
 8.6609e+00
 1.1435e+01
 1.8142e+01
 1.5321e+01
 1.0016e+01
 6.8926e+00
 1.3088e+01
 1.3190e+01
 1.2118e+01
 9.9260e+00
 1.0826e+01
 9.3131e+00
 1.1236e+01
 1.2797e+01
 1.1679e+01
 8.8968e+00
 9.8875e+00
 1.1068e+01
 1.0554e+01
 9.7728e+00
 8.9748e+00
 7.9466e+00
 6.5369e+00
 6.7592e+00
 6.2344e+00
 7.1966e+00
 1.2112e+01
 1.3625e+01
 1.2306e+01
 1.0645e+01
 1.1827e+01
 1.3272e+01
 1.5942e+01
 1.2590e+01
 9.5630e+00
 1.0826e+01
 1.6042e+01
 1.5492e+01
 1.3871e+01
 9.9564e+00
 8.1945e+00
 8.4698e+00
 1.1360e+01
 1.1897e+01
 9.7143e+00
 6.8970e+00
 9.4122e+00
 1.0863e+01
 1.0367e+01
 9.5775e+00
 8.2345e+00
 6.9174e+00
 6.0545e+00
 6.9429e+00
 7.1182e+00
 8.2157e+00
 1.1531e+01
 1.2083e+01
 1.1456e+01
 1.1301e+01
 1.2781e+01
 1.1941e+01
 1.2627e+01
 1.0644e+01
 9.0503e+00
 1.0291e+01
 1.5765e+01
 1.5307e+01
 1.2459e+01
 8.4047e+00
 7.9092e+00
 9.4393e+00
 1.1915e+01
 1.0629e+01
 7.8006e+00
 3.5867e+00
 8.1485e+00
 1.0645e+01
 1.0385e+01
 9.1928e+00
 7.4789e+00
 6.5599e+00
 6.1721e+00
 7.0413e+00
 7.1758e+00
 7.8075e+00
 1.0328e+01
 1.1068e+01
 1.1395e+01
 1.1859e+01
 1.2270e+01
 9.6090e+00
 1.0212e+01
 9.9914e+00
 9.3142e+00
 1.0353e+01
 1.5350e+01
 1.4399e+01
 1.1011e+01
 7.8498e+00
 8.6333e+00
 9.9702e+00
 1.0889e+01
 9.1950e+00
 7.5438e+00
 6.0415e+00
 8.9415e+00
 1.0903e+01
 1.0246e+01
 8.4949e+00
 6.8183e+00
 6.4930e+00
 6.3021e+00
 6.9847e+00
 6.9166e+00
 7.1097e+00
 9.4771e+00
 1.0543e+01
 1.1434e+01
 1.1820e+01
 1.1084e+01
 7.9739e+00
 9.0578e+00
 9.8979e+00
 9.5483e+00
 1.0227e+01
 1.4037e+01
 1.3096e+01
 1.0154e+01
 8.1903e+00
 9.2860e+00
 9.6287e+00
 9.4753e+00
 8.2332e+00
 7.2876e+00
 5.9629e+00
 8.9249e+00
 1.0777e+01
 9.6397e+00
 7.8533e+00
 6.7032e+00
 6.7771e+00
 6.4095e+00
 6.6214e+00
 6.0159e+00
 4.7424e+00
 7.9742e+00
 1.0231e+01
 1.1549e+01
 1.1481e+01
 1.0228e+01
 7.1685e+00
 8.3716e+00
 9.4446e+00
 9.2960e+00
 9.6109e+00
 1.2390e+01
 1.1786e+01
 9.7442e+00
 8.5946e+00
 9.3474e+00
 8.8456e+00
 8.3884e+00
 7.7879e+00
 7.4103e+00
 6.1824e+00
 8.9055e+00
 1.0426e+01
 8.9943e+00
 7.5334e+00
 6.9214e+00
 7.0038e+00
 6.2418e+00
 6.1973e+00
 5.9798e+00
 6.3704e+00
 9.0434e+00
 1.0609e+01
 1.1497e+01
 1.0903e+01
 9.6904e+00
 6.7729e+00
 7.7039e+00
 8.7370e+00
 8.8919e+00
 8.9547e+00
 1.1096e+01
 1.0736e+01
 9.5198e+00
 8.6995e+00
 9.0596e+00
 8.2287e+00
 7.8299e+00
 7.6331e+00
 7.6335e+00
 6.2832e+00
 6.9519e+00
 7.9036e+00
 6.6153e+00
 5.6326e+00
 5.3093e+00
 5.2664e+00
 5.0108e+00
 4.8218e+00
 4.7354e+00
 5.3746e+00
 9.0024e+00
 1.0407e+01
 1.0750e+01
 1.0032e+01
 9.1496e+00
 9.9331e+00
 1.0484e+01
 1.1340e+01
 1.1328e+01
 9.5494e+00
 9.7004e+00
 1.1221e+01
 1.0898e+01
 1.0145e+01
 8.4438e+00
 7.4543e+00
 7.0277e+00
 7.0144e+00
 7.3069e+00
 5.6661e+00
 6.2675e+00
 7.2102e+00
 6.3295e+00
 5.7730e+00
 5.5939e+00
 5.4268e+00
 4.9398e+00
 4.6851e+00
 4.7821e+00
 5.7093e+00
 9.3232e+00
 1.0229e+01
 1.0098e+01
 9.5478e+00
 9.0398e+00
 9.8152e+00
 1.0093e+01
 1.0846e+01
 1.1255e+01
 1.1117e+01
 1.1084e+01
 1.1300e+01
 1.0937e+01
 1.0012e+01
 8.1932e+00
 7.1160e+00
 6.6212e+00
 6.7296e+00
 7.1974e+00
 5.4103e+00
 5.6205e+00
 6.6670e+00
 6.2157e+00
 5.9500e+00
 5.8201e+00
 5.5685e+00
 4.9718e+00
 4.7179e+00
 5.0145e+00
 6.0694e+00
 9.3677e+00
 9.7419e+00
 9.5026e+00
 9.2438e+00
 9.0419e+00
 9.9142e+00
 1.0018e+01
 1.0456e+01
 1.0798e+01
 1.0801e+01
 1.0908e+01
 1.1144e+01
 1.0788e+01
 9.7317e+00
 7.8935e+00
 6.8032e+00
 6.2702e+00
 6.3301e+00
 6.5413e+00
 3.4685e+00
 3.9243e+00
 6.0964e+00
 6.2062e+00
 6.1146e+00
 5.9307e+00
 5.5803e+00
 4.9653e+00
 4.8267e+00
 5.2563e+00
 6.1267e+00
 8.9500e+00
 9.0964e+00
 9.0425e+00
 9.1003e+00
 9.1898e+00
 1.0208e+01
 1.0115e+01
 1.0125e+01
 1.0328e+01
 1.0569e+01
 1.0816e+01
 1.0893e+01
 1.0428e+01
 9.3288e+00
 7.5223e+00
 6.4522e+00
 5.9210e+00
 6.0209e+00
 6.5785e+00
 4.7899e+00
 4.8380e+00
 6.2225e+00
 6.2919e+00
 6.1706e+00
 5.8776e+00
 5.4732e+00
 4.9303e+00
 4.8945e+00
 5.2115e+00
 5.7341e+00
 8.3257e+00
 8.6085e+00
 8.8417e+00
 9.1615e+00
 9.4360e+00
 1.0469e+01
 1.0135e+01
 9.7830e+00
 9.8704e+00
 1.0322e+01
 1.0624e+01
 1.0493e+01
 9.9236e+00
 8.8629e+00
 7.1307e+00
 6.1486e+00
 5.6808e+00
 5.8076e+00
 6.4137e+00
 4.6679e+00
 6.3045e+00
 7.2807e+00
 7.4012e+00
 7.2354e+00
 6.8762e+00
 6.4638e+00
 5.0984e+00
 4.9206e+00
 4.7631e+00
 4.0234e+00
 6.4702e+00
 7.8412e+00
 8.4846e+00
 8.9414e+00
 9.1867e+00
 9.1659e+00
 8.6657e+00
 8.1866e+00
 8.2207e+00
 8.7131e+00
 8.8243e+00
 8.5618e+00
 7.9692e+00
 7.0845e+00
 6.0750e+00
 5.2582e+00
 4.8624e+00
 4.9666e+00
 5.5430e+00
 3.4154e+00
 6.0403e+00
 6.9536e+00
 7.0571e+00
 6.8515e+00
 6.4265e+00
 5.9537e+00
 4.5296e+00
 4.3256e+00
 4.4378e+00
 4.9159e+00
 7.1702e+00
 7.8102e+00
 8.3395e+00
 8.7249e+00
 8.8136e+00
 8.6627e+00
 8.1723e+00
 7.7628e+00
 7.7453e+00
 8.1156e+00
 8.2008e+00
 7.9626e+00
 7.4570e+00
 6.8011e+00
 6.0371e+00
 5.3592e+00
 4.9787e+00
 4.9863e+00
 5.4281e+00
 3.2416e+00
 5.8104e+00
 6.6092e+00
 6.5916e+00
 6.2684e+00
 5.7180e+00
 5.1613e+00
 3.7448e+00
 3.6539e+00
 3.9330e+00
 4.5240e+00
 6.7829e+00
 7.3900e+00
 7.8475e+00
 8.0955e+00
 8.0603e+00
 7.8867e+00
 7.4687e+00
 7.0924e+00
 6.7684e+00
 5.9325e+00
 5.9684e+00
 6.6230e+00
 6.3788e+00
 5.8956e+00
 5.2860e+00
 4.6714e+00
 4.2722e+00
 4.1629e+00
 4.4236e+00
 2.1274e+00
 4.6442e+00
 5.3800e+00
 5.3210e+00
 5.0212e+00
 4.5041e+00
 3.9844e+00
 2.6688e+00
 2.7371e+00
 3.1434e+00
 3.7506e+00
 5.9129e+00
 6.3967e+00
 6.7593e+00
 6.9610e+00
 6.9658e+00
 6.9383e+00
 6.7086e+00
 6.4873e+00
 6.3567e+00
 6.3642e+00
 6.2764e+00
 6.2218e+00
 6.0224e+00
 5.7159e+00
 5.2445e+00
 4.6845e+00
 4.2915e+00
 4.1310e+00
 4.2938e+00
 1.9067e+00
 4.3883e+00
 5.0785e+00
 4.9763e+00
 4.7125e+00
 4.2843e+00
 3.8573e+00
 2.6264e+00
 2.7320e+00
 3.0871e+00
 3.5729e+00
 5.5549e+00
 5.7996e+00
 5.9029e+00
 5.8797e+00
 5.7439e+00
 5.7002e+00
 5.5590e+00
 5.4534e+00
 5.4266e+00
 5.5170e+00
 5.5301e+00
 5.6459e+00
 5.6122e+00
 5.4215e+00
 5.0622e+00
 4.5903e+00
 4.2084e+00
 3.9825e+00
 3.9208e+00
 8.2357e-01
[ CPUDoubleType{2100,1} ]
