-3.6056e+00
-5.1277e+00
-5.8918e+00
-6.7292e+00
-7.1779e+00
-7.0007e+00
-5.5104e+00
-4.7750e+00
-3.9376e+00
-3.2517e+00
-3.2174e+00
 2.5029e-01
-1.2665e+00
-2.8515e+00
-3.9041e+00
-4.2356e+00
-3.9913e+00
-2.9206e+00
-1.4299e+00
-6.5592e-01
-3.8665e-01
-6.2509e-01
-9.9075e-01
-1.1727e+00
-3.1118e-01
 4.5549e-01
-2.8240e+00
-7.0059e-01
 3.9541e+00
 4.3781e+00
-2.3983e+00
-4.6472e+00
-5.7150e+00
-6.7957e+00
-7.5302e+00
-7.6771e+00
-6.4834e+00
-5.8277e+00
-4.7557e+00
-3.6913e+00
-3.3976e+00
 5.3838e-02
-1.7372e+00
-3.6869e+00
-4.8859e+00
-4.7084e+00
-3.4739e+00
-1.9304e+00
-4.5597e-01
 1.9312e-01
 2.5211e-01
-5.2117e-01
-1.7825e+00
-2.8382e+00
-3.5363e+00
-1.6713e+00
-3.3618e+00
 1.0236e-01
 4.8375e+00
 4.4780e+00
-2.4784e+00
-4.6891e+00
-5.5580e+00
-6.4125e+00
-7.0692e+00
-7.4260e+00
-6.6362e+00
-6.2553e+00
-5.2303e+00
-4.1046e+00
-3.6741e+00
-1.9832e-01
-1.9014e+00
-3.8473e+00
-4.8514e+00
-4.0856e+00
-2.5293e+00
-1.0909e+00
 5.2692e-01
 1.3999e+00
 1.3019e+00
-4.7899e-01
-3.0579e+00
-4.8848e+00
-6.0833e+00
-3.7736e+00
-3.3553e+00
-1.5380e-01
 4.2868e+00
 3.3249e+00
-2.2235e+00
-4.7433e+00
-4.9563e+00
-4.8801e+00
-4.4619e+00
-4.5712e+00
-4.4899e+00
-4.0103e+00
-2.2099e+00
-1.2855e+00
-1.6582e+00
 1.0766e+00
-7.4459e-01
-2.9822e+00
-4.4524e+00
-4.2533e+00
-3.6452e+00
-2.6805e+00
-4.6542e-01
 1.3837e+00
 1.5537e+00
-2.7951e-01
-3.1643e+00
-5.4272e+00
-6.9505e+00
-4.7153e+00
-1.4806e+00
 1.8028e+00
 5.3220e+00
 3.9020e+00
-2.0235e+00
-4.7389e+00
-5.0066e+00
-4.7970e+00
-3.8923e+00
-3.0519e+00
-2.4448e+00
-2.1416e+00
-1.0873e+00
-1.0802e+00
-1.8963e+00
 9.9667e-01
-2.5798e-01
-1.7505e+00
-2.6887e+00
-3.0138e+00
-3.8383e+00
-3.5956e+00
-1.3106e+00
 8.2223e-01
 8.2237e-01
-3.2922e-01
-2.5757e+00
-4.6026e+00
-5.6010e+00
-1.3294e+00
 2.4351e+00
 3.9380e+00
 7.2007e+00
 5.0828e+00
-1.6005e+00
-5.0564e+00
-5.9997e+00
-5.9490e+00
-4.5266e+00
-2.7946e+00
-1.6157e+00
-1.9100e+00
-1.9355e+00
-2.5849e+00
-3.2414e+00
 6.0508e-01
 8.7116e-01
 1.4764e+00
 3.0802e+00
 3.9639e+00
 1.5450e+00
 4.5942e-01
 1.6676e+00
 2.3949e+00
 2.4824e+00
 1.6058e+00
-2.3283e-01
-2.4989e+00
-3.6397e+00
 4.0075e-02
 1.2903e+00
 5.7070e-01
 4.8539e+00
 3.9973e+00
-2.1115e+00
-5.6511e+00
-6.6808e+00
-6.3145e+00
-4.1209e+00
-1.3994e+00
 3.4851e-01
-6.6021e-01
-1.8715e+00
-3.1716e+00
-3.8629e+00
 5.4023e-01
 1.6979e+00
 3.7614e+00
 8.0352e+00
 1.1397e+01
 8.3621e+00
 5.1801e+00
 4.0574e+00
 2.8583e+00
 2.0772e+00
 1.5126e+00
 7.8112e-01
 3.0394e-01
 1.9406e+00
 5.8151e+00
 3.1219e+00
 8.0229e-01
 4.7562e+00
 3.7805e+00
-3.5066e+00
-5.6228e+00
-5.3962e+00
-3.9441e+00
-7.9143e-01
 2.3751e+00
 3.2095e+00
 4.8624e-01
-1.4761e+00
-2.7245e+00
-3.9015e+00
-1.9397e-01
 3.1482e-01
 2.6959e+00
 9.1249e+00
 1.4656e+01
 1.1778e+01
 6.2175e+00
 1.8996e+00
-3.4147e-01
 6.4706e-03
 1.4109e+00
 3.2486e+00
 6.3970e+00
 1.4475e+01
 2.4714e+01
 1.6653e+01
 1.1717e+01
 1.1589e+01
 5.9462e+00
 8.9620e-01
-7.7454e-01
-3.5727e-01
 6.9759e-01
 2.7487e+00
 3.7941e+00
 2.0610e+00
-2.1483e+00
-3.4568e+00
-3.1785e+00
-4.4059e+00
-1.5276e+00
-1.1998e+00
 2.5629e+00
 1.1486e+01
 1.8600e+01
 1.4939e+01
 6.3112e+00
-1.0017e+00
-3.7930e+00
-1.7405e+00
 1.6303e+00
 5.1985e+00
 1.0196e+01
 2.4327e+01
 4.3432e+01
 3.2892e+01
 2.2692e+01
 1.6393e+01
 6.6950e+00
 1.6563e+00
-1.1246e-01
 8.9679e-01
 3.0470e+00
 5.5553e+00
 5.0700e+00
 1.5215e+00
-2.7733e+00
-3.4923e+00
-2.3894e+00
-4.8831e+00
-1.3636e+00
 1.5496e+00
 7.7689e+00
 1.8782e+01
 2.5356e+01
 1.7970e+01
 4.8955e+00
-3.6955e+00
-5.2336e+00
-1.6152e+00
 1.4634e+00
 3.4598e+00
 7.0807e+00
 2.6479e+01
 5.0952e+01
 4.0839e+01
 2.5512e+01
 1.0139e+01
 5.0029e-01
-1.1305e+00
-9.1726e-01
 1.8590e+00
 6.1837e+00
 1.1141e+01
 1.1933e+01
 7.2802e+00
 1.0252e+00
-1.6448e+00
 2.1390e-01
 3.5301e+00
 9.6549e+00
 1.2686e+01
 1.7993e+01
 2.7026e+01
 2.8233e+01
 1.5488e+01
 5.1373e-01
-5.7702e+00
-3.6946e+00
-7.7855e-01
-6.1645e-01
 1.4599e-01
 5.5511e+00
 3.0186e+01
 5.6510e+01
 4.2271e+01
 2.0718e+01
 7.0415e-01
-6.4593e+00
-4.8016e+00
-2.9525e+00
 1.1329e+00
 6.8924e+00
 1.4011e+01
 1.6645e+01
 1.0932e+01
 3.0333e+00
 5.1428e-01
 2.2139e+00
 3.4020e+00
 8.4918e+00
 1.1965e+01
 1.8756e+01
 2.7715e+01
 2.3182e+01
 7.8002e+00
-2.7241e+00
-5.0756e+00
-2.8044e+00
-3.5487e+00
 9.5863e-02
 5.7247e+00
 1.3997e+01
 4.3228e+01
 6.7919e+01
 4.3161e+01
 9.9195e+00
-6.8951e+00
-9.8457e+00
-7.0035e+00
-5.8205e+00
-3.1811e+00
 1.1253e+00
 8.1274e+00
 1.1354e+01
 6.1233e+00
-8.2081e-01
-3.5135e+00
-2.1750e+00
 3.2509e-01
 7.0184e+00
 1.1476e+01
 1.9421e+01
 2.8421e+01
 2.1466e+01
 8.7396e+00
-1.9387e+00
-4.7599e+00
 8.0408e-01
 1.3956e+01
 2.1815e+01
 2.6058e+01
 3.1609e+01
 6.1300e+01
 7.2432e+01
 3.4860e+01
-2.6524e+00
-8.7830e+00
-2.8077e+00
-4.7682e+00
-7.0683e+00
-6.3008e+00
-3.0040e+00
 3.4255e+00
 6.7955e+00
 4.1480e+00
 5.2447e-01
-4.7229e+00
-7.3768e+00
-4.9936e+00
 2.5398e+00
 8.2015e+00
 1.6659e+01
 2.4386e+01
 1.4978e+01
 9.0942e-01
-1.2105e+01
-5.2625e-01
 6.1724e+00
 1.1935e+01
 1.8369e+01
 2.3403e+01
 3.2256e+01
 7.0665e+01
 6.2167e+01
 1.8429e+01
-1.1334e+01
-6.6101e+00
 8.0580e+00
-4.7951e+00
-6.0431e+00
-4.6623e+00
-1.2953e+00
 5.4483e+00
 9.5758e+00
 4.9149e+00
-3.2877e+00
-7.8046e+00
-9.5210e+00
-6.3999e+00
-2.3712e+00
 1.2256e+00
 5.4896e+00
 7.5255e+00
-4.4780e+00
-2.2742e+01
-2.3926e+01
-4.6841e+00
-2.3407e+00
 8.0376e+00
 1.6320e+01
 2.1511e+01
 3.2126e+01
 7.8195e+01
 4.9363e+01
 2.9097e+01
-4.3647e+00
 8.1876e-01
 2.1651e+00
 7.0915e+00
 8.5682e+00
 7.9278e+00
 8.2599e+00
 1.3597e+01
 1.4877e+01
 3.2526e+00
-5.1353e+00
-3.3753e+00
 1.7038e+00
-1.8975e+00
-1.0040e+00
 7.2890e-02
-3.6119e-01
-5.8758e+00
-2.0041e+01
-3.0981e+01
-1.8469e+01
-1.1492e+01
-1.1548e+01
-7.3132e-01
 8.3431e+00
 1.7114e+01
 2.9521e+01
 7.5684e+01
 3.6603e+01
 1.9073e+01
-1.2510e+01
-8.4513e+00
-2.8413e+00
 5.1257e+00
 6.6781e+00
 6.9743e+00
 9.7008e+00
 1.7077e+01
 1.6248e+01
 2.7616e+00
-3.7679e+00
-4.6846e-01
 6.1506e+00
-3.9216e+00
-1.4440e+00
-1.6227e+00
-7.0142e+00
-1.7912e+01
-2.1873e+01
-2.3954e+01
-3.1116e+01
-3.6080e+01
-2.0996e+01
-5.2135e+00
 3.9290e+00
 1.0842e+01
 1.8972e+01
 5.0078e+01
 2.4824e+01
-1.4085e+01
-3.2721e+01
-1.7120e+01
-3.9976e+00
 3.6828e+00
 3.6804e+00
 2.6873e+00
 6.5097e+00
 1.9081e+01
 2.3554e+01
 1.8667e+01
 7.8421e+00
 8.4126e+00
 8.7658e+00
 1.6442e+01
 1.5157e+01
 9.9948e+00
 7.9822e-01
-1.0867e+01
 2.8156e+00
-9.6152e+00
-1.0543e+01
-2.3157e+00
 3.6753e+00
 7.7105e+00
 1.0041e+01
 1.4530e+01
 1.9259e+01
 3.5431e+01
 2.4632e+01
 1.5432e+01
-4.3116e+00
-7.4826e+00
-4.5116e+00
 8.3197e-01
-1.3855e-01
 1.8891e+00
 7.4192e+00
 1.7340e+01
 1.2462e+01
-5.3054e+00
-1.5686e+01
-1.5656e+01
-5.3955e+00
 1.1989e+01
 1.1954e+01
 7.3525e+00
 2.8497e+00
 3.0392e+00
 3.4540e+01
 3.0853e+01
 4.6047e+01
 4.6434e+01
 3.0699e+01
 3.1640e+00
 9.2960e+00
 1.3444e+01
 1.2103e+01
-6.4267e-01
 4.1200e+01
 9.8876e+01
 2.6982e+01
-2.3210e+01
-2.7355e+01
-3.9077e+00
 3.7229e-01
 3.1985e+00
 6.7511e+00
 8.8992e+00
-5.7803e+00
-3.2771e+01
-3.9641e+01
-1.4503e+01
 8.2581e+00
 8.9970e+00
 1.8503e+00
-8.3324e+00
-1.6952e+01
-1.5439e+00
 5.8210e+01
 9.9483e+01
 1.3075e+02
 1.1634e+02
 7.5282e+01
 4.5796e+01
 3.6179e+01
 2.9837e+01
 2.7911e+01
 1.1688e+01
 1.3042e+02
 1.7963e+02
 7.8377e+01
 4.0975e+01
 1.6670e+01
 7.5500e+00
 1.0048e+00
 1.1572e+00
 3.0130e+00
 1.3020e+01
 2.5021e+01
 1.9676e+01
 1.1995e+01
-3.7965e+00
 3.0616e+01
 5.8634e+00
-6.0305e+00
-9.4441e+00
-1.5214e+01
-4.2119e+00
 4.0661e+01
-7.2082e+00
 2.5468e-01
 1.3738e+01
 2.4921e+01
 2.7739e+01
 3.0110e+01
 2.8581e+01
 3.6283e+01
 4.5841e+01
 2.5162e+02
 3.1130e+02
 2.2044e+02
 1.2801e+02
 5.7072e+01
-1.9629e+01
-1.2718e+01
-7.4614e+00
-1.2867e+01
-1.2655e+01
 1.6767e+01
 2.7862e+01
 2.4288e+01
-5.9166e+01
-2.1150e+01
 2.1802e+01
-4.0982e-01
 1.4506e+00
 1.9845e+00
 9.9372e+00
 1.4939e+01
-6.5696e+01
-9.0647e+01
-2.6856e+01
 9.8366e+00
 1.2355e+01
 5.0442e+00
-8.8978e+00
-3.3409e+01
 1.6504e+01
 3.2858e+02
 4.9293e+02
 3.7495e+02
 3.1909e+02
 1.6201e+02
 4.8709e+01
 1.0231e+01
 1.4148e+00
-9.3433e-01
 4.3738e+00
 1.4143e+01
-5.6450e+00
-3.8819e+01
 4.5464e+01
 4.5026e+01
 8.8786e+00
-1.1593e+00
 2.5622e+00
 1.0478e+00
 1.5184e+01
 8.7042e+01
 1.0231e+01
-3.2509e+01
-2.1807e+01
 2.5283e+00
-1.8837e+01
-2.5985e+01
-3.5281e+01
-7.6416e+01
 2.0298e+01
 4.0160e+02
 2.6401e+02
 4.1228e+01
 1.1377e+02
 7.5948e+01
 2.2683e+01
 1.0794e+01
 6.6316e+00
 2.7799e+00
 1.2240e+01
 3.9948e+01
-3.9021e+00
-4.4376e+01
 1.0247e+02
 6.6043e+01
-5.4091e+01
-7.6120e+00
 8.9187e-01
-1.2008e+01
-3.7404e+01
 6.7984e+01
 8.7194e+00
-6.2762e+01
-7.0174e+01
-3.8866e+01
-2.1370e+01
-2.0913e+01
-1.6004e+01
-3.5877e+01
 1.2115e+02
 5.6467e+02
-1.4185e+02
-1.9529e+02
 5.2767e+00
 8.6177e+01
 2.2791e+01
-1.8044e+00
-1.6682e+01
-2.5481e+01
-3.2679e+00
 5.1987e+01
 8.7419e+01
 2.6379e+02
 4.9569e+02
 1.5090e+02
 2.2405e+01
-4.0343e+00
-4.5894e-01
 2.8982e+00
 4.0200e+01
 1.8031e+01
-3.0867e+01
-3.5187e+01
 1.8635e+00
 2.9294e+01
 2.1346e+01
 1.0163e+00
-8.9669e+00
-6.5869e+00
 1.5998e+02
 5.7591e+02
-1.3733e+02
-1.3734e+02
-3.8826e+01
 1.0265e+02
 1.5384e+01
-2.1753e+01
-4.4230e+01
-5.8780e+01
-2.0089e+01
 6.1112e+01
 1.0438e+02
 1.6447e+02
 5.0080e+01
-3.2405e+01
-3.6690e+00
-4.5641e-01
 1.6198e+00
-4.2062e+00
-1.3093e+01
 4.1421e+01
 1.1543e+01
 8.2281e+00
 3.5032e+01
 5.7776e+01
 1.3516e+01
 1.7707e+01
-4.2494e+00
-1.9128e+01
 1.2431e+02
 4.9250e+02
 1.8739e+01
-4.6326e+01
-7.0676e+01
 5.4978e+01
-4.2436e+00
-2.6955e+01
-3.6726e+01
-2.3349e+01
 6.4668e+01
 1.5975e+02
 1.9526e+01
-9.4049e+01
-5.1461e+01
 1.0791e-01
 1.6815e+01
 9.5463e+00
 8.8567e+00
 9.7145e+00
 1.0283e+01
 1.5755e+01
 3.0717e+00
 8.7794e+01
 1.4458e+02
 7.1876e+01
 4.4078e+01
 2.7045e+01
 1.6666e+01
 7.0273e+00
 1.1908e+02
 3.7219e+02
 3.0570e+01
-1.4203e+01
-2.5333e+01
 2.4238e+01
-2.6626e+00
-2.0012e+01
-2.3549e+01
 1.0136e+01
 1.1260e+02
 1.5073e+02
-3.1837e+01
-9.5764e+01
-1.0087e+01
 2.9441e+01
 1.3447e+01
-9.0480e-01
-1.2003e+01
-1.4654e+01
-1.1605e+01
 7.0978e-02
 1.9095e+01
 2.0994e+01
-6.2338e+00
-3.4062e+01
-3.4349e+01
-2.4340e+01
-7.0029e+00
-2.3937e+01
 7.1888e+01
 1.6457e+02
-4.6665e+01
-1.7970e+01
-4.0466e+00
-1.6894e+00
-6.9472e+00
-9.6707e+00
-6.8528e+00
 2.3537e+01
 9.5880e+01
 1.3182e+02
 1.6392e+01
-2.0534e+01
-1.2885e+01
 4.7823e+00
-2.5316e-01
-8.7186e+00
-6.2243e+00
 2.8900e+00
 1.8856e+01
 3.7388e+01
 9.9993e+00
-3.0022e+01
-3.2513e+01
-1.0731e+01
 1.5592e+01
 1.9156e+01
 5.2790e+00
 1.6626e+01
 9.7335e+01
 7.4136e+01
 1.6250e+01
 6.2092e+00
 3.0996e+01
 1.4004e+01
 1.1778e+01
 1.0012e+01
 1.6063e+01
 3.1823e+01
 6.7497e+01
 8.7009e+01
 2.1624e+01
-6.6298e+00
-9.8705e+00
-5.6655e-01
-2.2793e+00
-7.4915e+00
-1.0181e+00
 3.8170e+00
 2.3765e+01
 2.1860e+01
-1.7203e+01
-3.5583e+01
-1.7130e+01
-2.7384e-01
 9.3532e+00
 1.0805e+01
-5.6481e+00
-2.4176e+01
 3.7674e+01
-5.5619e+01
 5.7385e+00
 1.3283e-01
-1.1215e+01
-1.7423e+01
-2.2010e+01
-1.2513e+01
-2.3559e-01
 1.7537e+00
 1.6260e+01
 2.1338e+01
-1.2390e+01
-1.8465e+01
-1.1425e+01
-5.6065e+00
-3.5993e+00
-5.9679e+00
-6.5106e+00
 2.7589e+00
 2.1122e+01
 2.4205e+01
 1.6896e-01
-9.4512e+00
-2.9749e+00
 4.7196e-01
-1.3429e-01
-1.1890e+00
 7.7715e+00
 1.1554e+01
 1.4864e+01
 8.9547e+00
-1.2367e+01
-1.1555e+01
 3.5554e+00
 3.8350e+00
 8.4178e+00
 1.5422e+01
 1.5415e+01
 1.6565e+01
 2.8133e+01
 2.4461e+01
 9.4874e+00
 8.3276e-02
 3.2249e+00
 5.2636e+00
 7.7127e+00
 7.8908e+00
 7.4535e+00
 9.7174e+00
 1.5197e+01
 1.4473e+01
-1.8501e+00
-8.3520e+00
-2.0936e+00
 3.5770e+00
 8.8189e-01
-2.8001e+00
 4.0239e+00
 1.3272e+00
-1.2436e+00
 3.0287e+00
-2.1276e+01
-2.6144e+01
 2.1584e+00
 1.3041e+01
 9.4816e+00
 9.3393e+00
 2.8169e+00
-2.1612e+00
-2.5161e+00
-1.3563e+01
-5.7931e+00
-4.0627e+00
-8.7962e+00
-9.6147e+00
-9.0737e+00
-6.2295e+00
-3.5463e+00
-3.3367e+00
-2.1362e+00
-3.3702e+00
-1.3229e+01
-1.4034e+01
-7.3348e+00
-2.4218e+00
 9.4652e-01
-1.9871e+00
-2.1128e+01
-5.8204e-01
-3.0590e-01
 1.0748e+01
-9.6312e+00
-9.4009e+00
 5.3890e+00
 1.7064e+01
 6.5603e+00
 6.9856e+00
 8.4216e+00
 8.4409e+00
 6.7554e+00
 5.0854e+00
-4.2488e-01
-1.3829e+00
-2.3508e-01
 1.7874e+00
 5.3645e+00
 7.9507e+00
 8.6883e+00
 8.7578e+00
 9.0354e+00
 6.4647e+00
-1.1959e+00
-3.2045e+00
 6.9808e-01
 6.5344e+00
 1.4339e+01
 1.4044e+01
-1.5861e+00
 5.9220e+00
 1.5033e+00
 8.3207e+00
-7.8649e+00
-5.4093e+00
 4.1679e+00
 1.2027e+01
 4.7714e+00
 4.1720e+00
 5.2209e+00
 3.2557e+00
 1.1674e+00
 9.0780e-01
-4.8657e+00
-5.5385e+00
 1.8907e-01
 4.2856e+00
 5.8743e+00
 4.8328e+00
 2.1899e+00
-4.9164e-03
-7.7631e-01
-3.4128e+00
-6.0754e+00
-5.9588e+00
-6.2707e+00
-4.8825e+00
-1.7133e-01
-7.2492e-01
-9.9698e+00
-5.7402e+00
-7.7804e+00
-6.7605e-01
-1.5394e+01
-6.9323e+00
 1.0337e+00
 5.9380e+00
 2.0829e+00
 6.0541e-01
-2.7422e+00
-6.0744e-01
 1.8536e+00
 4.6656e+00
 7.2469e-01
-4.8756e-01
 3.0722e+00
 5.7668e+00
 4.0979e+00
 4.1694e+00
 3.8435e+00
 3.2636e+00
 5.3703e+00
 5.0653e+00
-2.0903e-01
-1.9969e+00
-5.8944e-01
 1.6795e-01
 5.8618e+00
 6.0030e+00
-1.1672e+00
 4.3304e+00
-1.5029e+00
 1.3542e+00
-1.1871e+01
-2.0885e+00
 5.8638e+00
 1.0992e+01
 1.1729e+01
 1.1872e+01
 7.2857e+00
 4.2265e+00
 3.1880e+00
 4.5091e+00
 1.7805e+00
 1.5461e+00
 3.8132e+00
 5.6764e+00
 4.1973e+00
 2.6858e+00
 3.4928e+00
 2.2196e+00
 3.2004e+00
 3.7399e+00
-4.6583e-01
-7.3923e-01
 1.9623e+00
 3.1102e+00
 5.9507e+00
 2.6434e+00
-6.2687e+00
-3.9565e+00
-6.4552e-01
-1.2107e+00
-1.1692e+01
-3.3629e+00
 1.5945e+00
 4.6340e+00
 3.5845e+00
 3.6005e+00
 1.0017e+00
-1.8046e+00
-3.2877e+00
-2.0360e+00
-3.4413e+00
-1.8066e+00
 3.4331e-01
 1.6603e+00
 4.9659e+00
 1.8371e+00
-6.1573e-01
 6.3485e-01
 3.5793e+00
 8.1939e+00
 3.3959e+00
-9.0305e-01
 4.2847e-01
 2.8326e+00
 7.4101e+00
 3.6634e+00
-5.3609e-01
-6.8719e+00
 4.0153e+00
 2.8438e+00
-9.0094e+00
-4.8894e+00
 3.6824e+00
 8.1305e+00
 5.6489e+00
 5.5328e+00
 3.6768e+00
 2.0616e+00
-5.9235e-01
-1.9740e+00
-3.7563e+00
-1.1286e+00
 2.7543e+00
 7.3484e+00
 1.1864e+01
 1.2880e+01
 6.7488e+00
 1.7945e+00
 3.6031e+00
 7.4521e+00
 4.6910e+00
 2.0912e+00
 4.6222e-01
 1.1674e+00
 9.9700e+00
 7.9079e+00
 9.1476e+00
-1.3774e-01
 6.4575e+00
 7.7052e+00
-5.4951e+00
-3.3665e+00
 3.9796e+00
 8.2406e+00
 4.8818e+00
 3.3204e+00
 9.3909e-01
-1.1622e-03
-3.3190e-01
-1.5985e+00
-3.9399e+00
-1.3659e+00
 1.3134e+00
 3.5923e+00
 6.3831e+00
 6.3706e+00
 3.5119e+00
-8.0714e-01
-3.0988e+00
 1.6787e-01
 1.0597e+00
 8.9904e-01
-6.7760e-01
-1.2867e+00
 1.5034e+01
 6.5929e+00
 8.2180e+00
 5.0927e+00
 3.2651e+00
 2.1988e+01
 9.4489e-01
-7.6278e-01
 4.7468e+00
 7.7825e+00
 4.8230e+00
 3.3888e+00
 1.3980e+00
 4.3450e-01
 2.3570e+00
 1.4497e+00
-2.9066e+00
-3.2887e+00
 1.2444e-01
 3.1815e+00
 5.8063e+00
 5.3303e+00
 2.1281e+00
 1.1868e+00
-1.2425e+00
-3.0329e+00
-1.1591e+00
 1.7307e-01
 2.0677e+00
 7.3407e+00
 2.3833e+01
 1.7731e+01
 1.4038e+01
 5.8769e+00
 5.9168e+00
 1.7808e+01
 3.7153e+00
 2.3532e+00
 3.9799e+00
 5.5729e+00
 4.4459e+00
 4.7107e+00
 4.5655e+00
 3.4189e+00
 4.7107e+00
 4.9598e+00
 1.9795e+00
 1.3060e+00
 2.3348e+00
 4.1952e+00
 7.0639e+00
 4.0314e+00
 2.0870e+00
 9.4678e-01
-1.3464e-01
 2.7195e-01
-1.7245e+00
 3.5322e+00
 3.8682e+00
 4.2795e+00
 2.1228e+01
 1.0995e+01
 3.0358e+00
 2.6751e+00
 3.8037e+00
 3.4324e+00
 1.7244e+00
-2.3303e-02
 1.3138e+00
 6.7606e-01
 5.6738e+00
 4.4507e+00
 3.4422e+00
 2.7086e+00
 4.2047e+00
 7.6563e+00
 4.7413e+00
 3.8065e+00
 5.6999e+00
 7.4168e+00
 9.2078e+00
 5.8206e+00
 3.6205e+00
 3.8655e+00
 4.8345e+00
 4.5122e+00
 1.0895e+00
-2.2999e+00
 2.0538e+00
 1.1872e+00
 1.7268e+01
 8.2421e+00
 1.4383e+00
 1.9464e+00
 3.0643e+00
-1.0112e+00
-1.8898e+00
-3.7898e+00
 2.6139e+00
 5.9684e+00
 1.0423e+01
 1.0577e+01
 7.1526e+00
 3.1850e+00
 2.4136e+00
 4.2156e+00
 4.0380e+00
 5.3916e+00
 8.6158e+00
 9.5800e+00
 7.4197e+00
 5.1338e+00
 5.4026e+00
 5.9640e+00
 6.8020e+00
 5.6924e+00
 5.8639e+00
 4.2867e+00
-6.8682e-01
-3.8336e-01
 1.7232e+01
 3.2965e+00
 2.6859e+00
 2.6614e+00
 2.0989e+00
 1.4321e+00
 4.1038e-01
 5.7553e+00
 5.2923e+00
 6.5948e+00
 8.6378e+00
 7.3528e+00
 3.8123e+00
 2.2435e+00
 1.6791e+00
 1.2556e+00
 2.5330e+00
 4.5145e+00
 5.9693e+00
 4.9282e+00
 8.7172e+00
 6.9416e+00
 3.8418e+00
 2.9769e+00
 5.1110e+00
 5.5431e+00
 7.1963e+00
 8.2098e+00
 7.6948e+00
 6.1931e+00
 1.6940e+01
 4.3200e+00
 3.2280e+00
 5.4438e+00
 7.7147e+00
 3.0190e+00
 3.2248e-01
-3.5121e-01
 2.0412e+00
 3.5046e+00
 5.9386e+00
 5.1759e+00
 2.5917e+00
 1.9411e+00
 1.8820e+00
 1.6703e+00
 3.6256e+00
 5.3961e+00
 8.2280e+00
 1.0815e+01
 1.4609e+01
 1.4133e+01
 8.8897e+00
 3.2137e+00
 6.9447e-01
-5.5412e-02
 3.8248e+00
 9.9291e+00
 1.6202e+01
 1.7914e+01
 1.0235e+01
 3.1462e+00
 5.3289e+00
 5.9850e+00
 4.3589e+00
 7.0893e+00
 1.0234e+01
 9.1656e+00
 8.5335e+00
 2.8257e+00
 4.7801e+00
 3.3572e+00
 2.0630e+00
 2.4179e+00
 3.5608e+00
 4.7451e+00
 5.9228e+00
 7.4374e+00
 8.3603e+00
 1.0275e+01
 1.3100e+01
 1.2459e+01
 9.3242e+00
 6.1755e+00
 4.1312e+00
 1.7529e+00
 4.6653e+00
 1.2861e+01
 1.6723e+01
 1.3600e+01
 2.3847e+01
 1.8445e+01
 6.8427e+00
 2.2240e+00
 5.9177e+00
 9.3683e+00
 1.2081e+01
 1.6314e+01
 8.0990e+00
 3.4115e+00
 4.7009e+00
 3.2331e+00
 2.4307e+00
 4.2108e+00
 6.0522e+00
 4.9298e+00
 4.5733e+00
 5.6994e+00
 6.8263e+00
 8.4888e+00
 1.0652e+01
 9.7275e+00
 8.1226e+00
 6.1961e+00
 5.1754e+00
 4.6423e+00
 1.1710e+01
 1.5074e+01
 1.8503e+01
 1.7053e+01
 2.9121e+01
 3.1093e+01
 1.8083e+01
 6.7647e+00
 1.5878e+00
 3.2854e+00
 1.1084e+01
 2.1153e+01
 1.2783e+01
 6.7519e+00
 5.4979e+00
 4.0436e+00
 4.7010e+00
 6.2294e+00
 6.8167e+00
 7.8025e+00
 1.0620e+01
 1.2121e+01
 1.1757e+01
 1.0550e+01
 8.7707e+00
 7.3640e+00
 6.3945e+00
 6.0847e+00
 8.7275e+00
 1.3149e+01
 1.2478e+01
 1.4293e+01
 1.3831e+01
 1.6842e+01
 2.2876e+01
 2.2897e+01
 1.6142e+01
 9.1167e+00
 8.8751e+00
 6.2615e+00
 8.0548e+00
 1.6732e+01
 1.3648e+01
 4.8809e+00
 1.0833e+01
 1.0552e+01
 7.5273e+00
 5.9293e+00
 6.7471e+00
 9.0199e+00
 1.2821e+01
 1.4137e+01
 1.1576e+01
 9.2947e+00
 7.7859e+00
 6.6008e+00
 6.0096e+00
 7.9838e+00
 1.2890e+01
 1.0166e+01
 9.3510e+00
 1.5804e+01
 1.4310e+01
 1.5765e+01
 1.9272e+01
 1.5740e+01
 1.5438e+01
 9.5169e+00
 1.1034e+01
 1.0111e+01
 1.0365e+01
 1.3893e+01
 1.3945e+01
 8.1237e+00
 1.4213e+01
 1.6381e+01
 1.2828e+01
 7.7307e+00
 5.2370e+00
 7.0065e+00
 1.2680e+01
 1.5381e+01
 1.2546e+01
 9.7175e+00
 7.7494e+00
 6.9055e+00
 7.8732e+00
 1.1947e+01
 1.2078e+01
 9.4744e+00
 1.2848e+01
 1.8180e+01
 1.7297e+01
 1.7152e+01
 1.6846e+01
 1.3130e+01
 1.3130e+01
 1.0040e+01
 1.2663e+01
 1.2327e+01
 1.1093e+01
 1.1827e+01
 1.1190e+01
 7.3032e+00
 1.2898e+01
 1.4938e+01
 1.2895e+01
 9.6053e+00
 7.6399e+00
 7.9298e+00
 1.0928e+01
 1.1970e+01
 9.6374e+00
 6.3993e+00
 8.5194e+00
 9.6013e+00
 1.1350e+01
 1.1848e+01
 1.0572e+01
 1.0207e+01
 1.6226e+01
 1.8416e+01
 1.6354e+01
 1.3958e+01
 1.5788e+01
 1.2661e+01
 1.1832e+01
 9.6231e+00
 1.2590e+01
 1.0669e+01
 9.5228e+00
 1.1490e+01
 1.0872e+01
 8.1383e+00
 1.1527e+01
 1.2480e+01
 1.1692e+01
 9.7263e+00
 8.7549e+00
 9.1036e+00
 1.0514e+01
 1.0432e+01
 9.6277e+00
 9.6767e+00
 1.0953e+01
 1.3087e+01
 1.4240e+01
 1.1009e+01
 9.4026e+00
 9.8340e+00
 1.7374e+01
 1.8281e+01
 1.4315e+01
 1.2743e+01
 1.5557e+01
 1.2722e+01
 1.1657e+01
 9.9448e+00
 1.2346e+01
 1.0077e+01
 1.0479e+01
 1.2583e+01
 1.2198e+01
 9.7383e+00
 1.0964e+01
 1.1125e+01
 1.0655e+01
 9.7076e+00
 9.1953e+00
 9.0105e+00
 9.4170e+00
 8.7941e+00
 8.2022e+00
 8.9320e+00
 1.0839e+01
 1.3548e+01
 1.3246e+01
 1.0843e+01
 1.0143e+01
 1.1319e+01
 1.7425e+01
 1.4269e+01
 1.0131e+01
 7.9235e+00
 1.3289e+01
 1.2941e+01
 1.2043e+01
 9.5456e+00
 1.1261e+01
 1.0276e+01
 1.1592e+01
 1.2722e+01
 1.1776e+01
 8.9088e+00
 1.0152e+01
 1.1514e+01
 1.1120e+01
 1.0360e+01
 9.5410e+00
 8.6392e+00
 7.2217e+00
 7.4015e+00
 7.4600e+00
 8.5263e+00
 1.2549e+01
 1.4157e+01
 1.3723e+01
 1.2378e+01
 1.2898e+01
 1.3104e+01
 1.5695e+01
 1.2835e+01
 1.1012e+01
 1.2397e+01
 1.6858e+01
 1.5961e+01
 1.4259e+01
 1.0441e+01
 9.3721e+00
 9.4925e+00
 1.1294e+01
 1.1791e+01
 1.0498e+01
 7.5386e+00
 9.7860e+00
 1.1277e+01
 1.0939e+01
 1.0166e+01
 9.0533e+00
 8.1173e+00
 7.2249e+00
 7.9280e+00
 8.2758e+00
 9.2606e+00
 1.2211e+01
 1.3175e+01
 1.3008e+01
 1.2670e+01
 1.3536e+01
 1.2001e+01
 1.2800e+01
 1.1148e+01
 1.0275e+01
 1.1500e+01
 1.6159e+01
 1.5441e+01
 1.3236e+01
 9.7124e+00
 9.3201e+00
 9.8976e+00
 1.1150e+01
 1.0077e+01
 7.8447e+00
 3.6138e+00
 8.1295e+00
 1.0709e+01
 1.0750e+01
 9.8224e+00
 8.6043e+00
 8.0323e+00
 7.4152e+00
 7.9820e+00
 8.1630e+00
 8.8294e+00
 1.1332e+01
 1.2261e+01
 1.2680e+01
 1.2787e+01
 1.2803e+01
 9.8516e+00
 1.0598e+01
 1.0540e+01
 1.0274e+01
 1.1197e+01
 1.5493e+01
 1.4591e+01
 1.2079e+01
 9.2896e+00
 9.7203e+00
 1.0109e+01
 1.0567e+01
 9.5500e+00
 8.6658e+00
 6.9921e+00
 9.6880e+00
 1.1588e+01
 1.1014e+01
 9.5442e+00
 8.2319e+00
 7.9369e+00
 7.3795e+00
 7.8062e+00
 7.9182e+00
 8.3561e+00
 1.0713e+01
 1.1744e+01
 1.2524e+01
 1.2621e+01
 1.1724e+01
 8.5770e+00
 9.7223e+00
 1.0637e+01
 1.0437e+01
 1.1099e+01
 1.4494e+01
 1.3665e+01
 1.1242e+01
 9.3692e+00
 9.9471e+00
 9.7217e+00
 9.4283e+00
 8.6518e+00
 8.1834e+00
 6.7335e+00
 9.4901e+00
 1.1320e+01
 1.0539e+01
 9.1441e+00
 8.1323e+00
 7.9270e+00
 6.9890e+00
 6.7732e+00
 6.0109e+00
 4.8869e+00
 8.7527e+00
 1.0849e+01
 1.2191e+01
 1.2098e+01
 1.0918e+01
 7.9189e+00
 9.0960e+00
 1.0135e+01
 9.9859e+00
 1.0443e+01
 1.3103e+01
 1.2523e+01
 1.0590e+01
 9.3687e+00
 9.7296e+00
 8.9979e+00
 8.4887e+00
 8.1517e+00
 8.1265e+00
 6.7868e+00
 9.3414e+00
 1.0932e+01
 1.0006e+01
 8.8595e+00
 8.1777e+00
 7.9651e+00
 6.9096e+00
 6.8821e+00
 6.9728e+00
 7.6299e+00
 1.0278e+01
 1.1622e+01
 1.2302e+01
 1.1620e+01
 1.0460e+01
 7.5485e+00
 8.3928e+00
 9.3424e+00
 9.4912e+00
 9.7947e+00
 1.1994e+01
 1.1550e+01
 1.0210e+01
 9.2756e+00
 9.4636e+00
 8.5634e+00
 8.0976e+00
 8.0058e+00
 8.2808e+00
 6.8596e+00
 7.4969e+00
 8.5307e+00
 7.6663e+00
 6.8114e+00
 6.2707e+00
 5.9558e+00
 5.5557e+00
 5.4621e+00
 5.6449e+00
 6.4608e+00
 9.9849e+00
 1.1195e+01
 1.1421e+01
 1.0715e+01
 9.8656e+00
 1.0566e+01
 1.0857e+01
 1.1354e+01
 1.1017e+01
 9.5303e+00
 1.0485e+01
 1.1539e+01
 1.1140e+01
 1.0445e+01
 8.7788e+00
 7.7862e+00
 7.2639e+00
 7.2448e+00
 7.7149e+00
 6.0915e+00
 6.8584e+00
 7.8768e+00
 7.2522e+00
 6.6591e+00
 6.2152e+00
 5.8416e+00
 5.3556e+00
 5.2834e+00
 5.6093e+00
 6.5857e+00
 1.0048e+01
 1.0851e+01
 1.0704e+01
 1.0198e+01
 9.6978e+00
 1.0413e+01
 1.0566e+01
 1.1281e+01
 1.1794e+01
 1.1882e+01
 1.1955e+01
 1.1981e+01
 1.1340e+01
 1.0344e+01
 8.5266e+00
 7.4115e+00
 6.8065e+00
 6.8668e+00
 7.4568e+00
 5.8127e+00
 6.3145e+00
 7.4143e+00
 7.0548e+00
 6.6560e+00
 6.2832e+00
 5.9010e+00
 5.3960e+00
 5.3504e+00
 5.7874e+00
 6.7917e+00
 9.9535e+00
 1.0308e+01
 1.0098e+01
 9.8230e+00
 9.5470e+00
 1.0322e+01
 1.0348e+01
 1.0804e+01
 1.1283e+01
 1.1447e+01
 1.1592e+01
 1.1653e+01
 1.1070e+01
 9.9385e+00
 8.0818e+00
 6.9048e+00
 6.1899e+00
 5.9864e+00
 5.9959e+00
 3.1090e+00
 4.2723e+00
 6.3351e+00
 6.5938e+00
 6.4720e+00
 6.1500e+00
 5.7467e+00
 5.2345e+00
 5.2389e+00
 5.7208e+00
 6.5431e+00
 9.3227e+00
 9.5267e+00
 9.5062e+00
 9.4749e+00
 9.4264e+00
 1.0349e+01
 1.0258e+01
 1.0363e+01
 1.0714e+01
 1.1039e+01
 1.1264e+01
 1.1231e+01
 1.0612e+01
 9.4220e+00
 7.6079e+00
 6.5458e+00
 6.0167e+00
 6.1396e+00
 6.8314e+00
 5.2632e+00
 5.5335e+00
 6.8655e+00
 6.8311e+00
 6.5369e+00
 6.0819e+00
 5.6168e+00
 5.1214e+00
 5.1669e+00
 5.5480e+00
 6.1124e+00
 8.7452e+00
 9.0977e+00
 9.3246e+00
 9.5047e+00
 9.6089e+00
 1.0562e+01
 1.0282e+01
 1.0057e+01
 1.0245e+01
 1.0696e+01
 1.0937e+01
 1.0747e+01
 1.0052e+01
 8.8616e+00
 7.0889e+00
 6.1275e+00
 5.7063e+00
 5.9187e+00
 6.6673e+00
 5.1144e+00
 6.9091e+00
 7.8240e+00
 7.8194e+00
 7.4976e+00
 6.9948e+00
 6.4827e+00
 5.0505e+00
 4.7747e+00
 4.4779e+00
 3.8731e+00
 6.6586e+00
 7.9069e+00
 8.6386e+00
 9.0480e+00
 9.1709e+00
 9.0938e+00
 8.6414e+00
 8.2513e+00
 8.3265e+00
 8.7999e+00
 8.8783e+00
 8.6075e+00
 7.9283e+00
 6.9081e+00
 5.8387e+00
 5.0538e+00
 4.7570e+00
 5.0233e+00
 5.7639e+00
 3.7899e+00
 6.5063e+00
 7.3662e+00
 7.3604e+00
 7.0516e+00
 6.5676e+00
 6.0934e+00
 4.7357e+00
 4.6509e+00
 4.8807e+00
 5.4202e+00
 7.6733e+00
 8.2799e+00
 8.7160e+00
 8.9293e+00
 8.8436e+00
 8.5974e+00
 8.0975e+00
 7.7375e+00
 7.7800e+00
 8.1910e+00
 8.2901e+00
 8.0664e+00
 7.5086e+00
 6.7252e+00
 5.8808e+00
 5.2273e+00
 4.9741e+00
 5.1750e+00
 5.7650e+00
 3.6530e+00
 6.2184e+00
 6.9427e+00
 6.8235e+00
 6.4223e+00
 5.8506e+00
 5.3235e+00
 3.9844e+00
 4.0068e+00
 4.3838e+00
 5.0199e+00
 7.2733e+00
 7.8416e+00
 8.1990e+00
 8.2783e+00
 8.0568e+00
 7.7318e+00
 7.2013e+00
 6.7327e+00
 6.3330e+00
 5.7054e+00
 6.0627e+00
 6.5698e+00
 6.4149e+00
 5.9382e+00
 5.3009e+00
 4.7172e+00
 4.4423e+00
 4.5065e+00
 4.8793e+00
 2.5932e+00
 5.0344e+00
 5.6876e+00
 5.5556e+00
 5.2051e+00
 4.7000e+00
 4.2436e+00
 3.0202e+00
 3.1926e+00
 3.6825e+00
 4.3363e+00
 6.5106e+00
 6.9673e+00
 7.2253e+00
 7.2645e+00
 7.1021e+00
 6.9519e+00
 6.6760e+00
 6.4945e+00
 6.4540e+00
 6.5497e+00
 6.5295e+00
 6.5073e+00
 6.2858e+00
 5.9055e+00
 5.3734e+00
 4.8171e+00
 4.5113e+00
 4.4755e+00
 4.7337e+00
 2.3488e+00
 4.7539e+00
 5.3995e+00
 5.2851e+00
 5.0082e+00
 4.6017e+00
 4.2267e+00
 3.0555e+00
 3.2255e+00
 3.6365e+00
 4.1458e+00
 6.1147e+00
 6.3165e+00
 6.3135e+00
 6.1407e+00
 5.8609e+00
 5.7183e+00
 5.5464e+00
 5.4770e+00
 5.5270e+00
 5.6970e+00
 5.7748e+00
 5.9270e+00
 5.8883e+00
 5.6510e+00
 5.2323e+00
 4.7155e+00
 4.3225e+00
 4.0698e+00
 3.9598e+00
 8.9437e-01
[ CPUDoubleType{2100,1} ]
