-3.0069e+00
-4.0739e+00
-4.0587e+00
-4.0145e+00
-3.9223e+00
-3.7815e+00
-2.7175e+00
-2.5700e+00
-2.4459e+00
-2.3788e+00
-2.5579e+00
 1.4654e+00
 1.2011e+00
 9.4487e-01
 8.9299e-01
 1.1651e+00
 8.5759e-01
 6.4187e-01
 7.2081e-01
 9.8117e-01
 1.7663e+00
 2.5874e+00
 3.5475e+00
 4.2856e+00
 1.0210e+01
 1.6646e+01
 8.5367e+00
 6.5410e+00
 7.5735e+00
 5.6975e+00
-2.7718e+00
-4.0779e+00
-4.0687e+00
-4.0113e+00
-3.8952e+00
-3.7207e+00
-2.6012e+00
-2.4301e+00
-2.3482e+00
-2.3991e+00
-2.6789e+00
 1.3096e+00
 9.9916e-01
 6.6149e-01
 6.8153e-01
 1.1139e+00
 9.9406e-01
 9.3289e-01
 1.2037e+00
 1.5320e+00
 2.1976e+00
 2.6013e+00
 3.2046e+00
 3.4922e+00
 5.8261e+00
 1.5360e+01
 8.2203e+00
 6.6204e+00
 7.1473e+00
 4.6529e+00
-2.8180e+00
-4.0824e+00
-4.0756e+00
-4.0056e+00
-3.8718e+00
-3.6845e+00
-2.5515e+00
-2.3974e+00
-2.3546e+00
-2.5462e+00
-2.8907e+00
 1.0963e+00
 7.1671e-01
 3.8483e-01
 5.4313e-01
 1.1983e+00
 1.2112e+00
 1.2203e+00
 1.7837e+00
 2.1406e+00
 2.6259e+00
 2.6370e+00
 2.6833e+00
 2.9969e+00
 4.4179e+00
 1.5285e+01
 9.1748e+00
 6.0906e+00
 7.1766e+00
 4.0456e+00
-1.2138e+00
-3.1242e+00
-3.0595e+00
-2.8919e+00
-2.3814e+00
-1.9035e+00
-1.0659e+00
-1.1116e+00
-1.0529e+00
-1.3578e+00
-1.9822e+00
 1.3077e+00
 8.3531e-01
 5.6774e-01
 8.7506e-01
 1.7326e+00
 1.7178e+00
 1.7094e+00
 2.4954e+00
 2.8918e+00
 2.9416e+00
 2.9654e+00
 2.8836e+00
 3.2153e+00
 4.6504e+00
 1.5946e+01
 1.1108e+01
 6.1792e+00
 6.8388e+00
 3.3294e+00
-1.1779e+00
-3.1027e+00
-3.0693e+00
-2.9599e+00
-2.6263e+00
-2.0191e+00
-1.1425e+00
-1.1668e+00
-1.1399e+00
-1.4787e+00
-2.1488e+00
 9.9207e-01
 4.1183e-01
 2.7479e-01
 8.2499e-01
 1.6869e+00
 1.4526e+00
 1.3988e+00
 2.3331e+00
 2.5750e+00
 2.6149e+00
 2.9503e+00
 2.9430e+00
 3.3852e+00
 5.4852e+00
 1.8853e+01
 1.4177e+01
 6.5585e+00
 8.7491e+00
 3.8561e+00
-1.0876e+00
-3.0693e+00
-3.0659e+00
-2.9631e+00
-2.6639e+00
-2.0016e+00
-1.1124e+00
-1.2193e+00
-1.1860e+00
-1.5320e+00
-2.2169e+00
 7.8631e-01
 1.0955e-01
 9.6687e-02
 9.4528e-01
 2.0026e+00
 1.3949e+00
 1.3673e+00
 2.3034e+00
 2.2886e+00
 2.4243e+00
 2.9450e+00
 3.3591e+00
 3.8408e+00
 6.6674e+00
 1.9690e+01
 1.3279e+01
 3.4787e+00
 7.9323e+00
 4.0279e+00
-1.0310e+00
-3.0265e+00
-3.0152e+00
-2.8845e+00
-2.5401e+00
-1.7922e+00
-8.9194e-01
-1.1504e+00
-1.1710e+00
-1.5152e+00
-2.1498e+00
 7.9730e-01
 6.0046e-02
 3.6244e-02
 1.0096e+00
 2.3395e+00
 1.4965e+00
 1.3986e+00
 2.1161e+00
 1.8296e+00
 2.0826e+00
 3.1798e+00
 4.0836e+00
 5.2598e+00
 1.0453e+01
 2.2872e+01
 1.2222e+01
 1.1079e+00
 7.5841e+00
 3.6309e+00
-1.1654e+00
-2.9873e+00
-2.9597e+00
-2.7909e+00
-2.3733e+00
-1.4968e+00
-6.4857e-01
-1.1557e+00
-1.1169e+00
-1.4155e+00
-2.0500e+00
 9.6016e-01
 2.4734e-01
 1.3577e-01
 1.0953e+00
 2.5055e+00
 1.6059e+00
 1.4330e+00
 1.3845e+00
 1.0717e+00
 1.9642e+00
 3.7133e+00
 5.4395e+00
 7.7317e+00
 1.6538e+01
 3.3823e+01
 1.6580e+01
 5.9362e+00
 1.1366e+01
 2.3617e+00
-1.0781e+00
-2.9505e+00
-2.9165e+00
-2.7438e+00
-2.3080e+00
-1.4611e+00
-7.5902e-01
-1.5073e+00
-1.3856e+00
-1.4872e+00
-2.0975e+00
 1.0597e+00
 6.6125e-01
 7.9409e-01
 1.9058e+00
 3.3983e+00
 2.0250e+00
 1.2639e+00
 3.8328e-01
 2.0144e-01
 2.1458e+00
 4.6295e+00
 7.2823e+00
 1.0367e+01
 2.2113e+01
 4.6648e+01
 2.4912e+01
 1.2292e+01
 1.2604e+01
 7.1996e-01
-3.4060e-01
-2.0001e+00
-1.9472e+00
-1.7555e+00
-1.2261e+00
-4.9919e-01
-6.3570e-02
-8.8353e-01
-8.3015e-01
-1.1279e+00
-1.4034e+00
 1.1469e+00
 1.3331e+00
 1.8038e+00
 3.2088e+00
 4.5512e+00
 2.4080e+00
 2.9387e-01
-1.3307e+00
-4.6474e-01
 3.1040e+00
 6.0417e+00
 8.3340e+00
 1.1308e+01
 2.5649e+01
 5.4658e+01
 3.1355e+01
 1.8476e+01
 5.2139e+00
-2.8685e+00
-5.2063e-01
-1.9678e+00
-1.8772e+00
-1.6239e+00
-9.1525e-01
-7.0776e-02
 1.3226e-01
-7.0058e-01
-9.4685e-01
-9.7748e-01
-6.5948e-01
 1.8872e+00
 2.1310e+00
 2.7806e+00
 4.4977e+00
 5.2918e+00
 2.2521e+00
-1.3374e+00
-1.8290e+00
 5.7657e-01
 3.1864e+00
 4.4870e+00
 7.1430e+00
 1.2294e+01
 2.9642e+01
 6.1871e+01
 3.2119e+01
 1.5962e+01
-3.5207e+00
-6.1085e+00
-6.1397e-01
-1.9004e+00
-1.7855e+00
-1.4934e+00
-6.5597e-01
 3.8947e-01
 4.6068e-01
-4.9261e-01
-2.8100e-01
-5.4129e-01
-4.9678e-01
 1.9490e+00
 2.2028e+00
 3.0358e+00
 5.1869e+00
 4.1728e+00
-5.4999e-02
-1.5792e+00
-6.6047e-01
-1.7691e+00
-4.8238e-02
 5.9230e+00
 1.2398e+01
 1.8533e+01
 3.9763e+01
 7.2893e+01
 3.5228e+01
 7.9819e+00
-7.9048e+00
-7.0294e+00
-6.0936e-01
-1.8412e+00
-1.7943e+00
-1.5185e+00
-6.1139e-01
 4.8675e-01
 4.6957e-01
-4.8396e-01
-6.0775e-01
-1.1404e+00
-5.2932e-01
 2.0594e+00
 2.1329e+00
 2.9155e+00
 5.2353e+00
 1.6481e+00
-1.0057e+00
-1.3274e+00
-3.5360e+00
 1.0830e+00
 9.4979e+00
 1.3608e+01
 1.8079e+01
 2.4691e+01
 5.2252e+01
 7.6776e+01
 3.4073e+01
-2.7250e+00
-8.8812e+00
-1.1462e+00
-4.7499e-01
-1.9842e+00
-1.9435e+00
-1.5529e+00
-4.7626e-01
 7.6156e-01
 4.0366e-01
-8.6261e-01
-1.3245e+00
-1.8922e+00
-6.8209e-01
 1.9993e+00
 1.8752e+00
 2.4959e+00
 4.3148e+00
-1.3189e+00
-1.7400e+00
-5.5728e+00
 3.1377e+00
 7.7096e+00
 1.0025e+01
 1.2471e+01
 1.6273e+01
 2.5367e+01
 6.7554e+01
 7.2853e+01
 2.7170e+01
-9.8056e+00
-5.9712e+00
 9.7873e+00
 3.0646e-01
-5.0624e-01
-1.9827e-01
 2.8306e-01
 1.5645e+00
 2.9804e+00
 2.3953e+00
 9.6864e-01
-1.4618e-03
-5.0606e-02
 1.1476e+00
 1.7760e+00
 9.8722e-01
 1.2949e+00
 2.2680e+00
-4.3996e+00
-3.8608e+00
-3.4872e+00
 4.7983e+00
 3.9130e+00
 1.0072e+01
 1.3152e+01
 1.4630e+01
 2.4388e+01
 8.4913e+01
 5.9525e+01
 3.5881e+01
-9.6010e+00
 2.1996e+00
-1.2491e+00
 7.5537e-01
-2.4866e-01
 1.8225e-01
 7.4055e-01
 2.3593e+00
 3.2921e+00
 1.4765e+00
 3.2798e-01
 1.3857e+00
 1.1866e+00
 2.5777e-01
 2.3430e+00
 1.0803e+00
 1.1218e+00
 6.3971e-01
-6.3474e+00
-5.4568e+00
-1.2722e-01
-1.0161e+00
-1.6228e+00
 7.1769e+00
 1.0768e+01
 1.2026e+01
 2.3212e+01
 8.7326e+01
 5.3731e+01
 3.3956e+01
-8.4087e+00
-2.5344e+00
-3.4266e+00
 7.4977e-01
-5.9204e-01
-1.3643e-01
 8.9128e-01
 3.1237e+00
 2.7426e+00
 1.0919e-01
-1.2222e+00
 8.7986e-02
 3.4310e+00
 7.4916e-01
 2.5497e+00
 1.4295e+00
 1.1740e+00
-1.9624e+00
-4.5002e+00
-2.8587e+00
-1.1149e+01
-8.9393e+00
-2.9913e-01
 7.3004e+00
 8.9054e+00
 9.7472e+00
 2.2094e+01
 7.5121e+01
 6.1117e+01
 1.3070e+01
-1.3476e+01
-7.7362e+00
-4.8420e+00
 1.5398e-01
-5.3168e-01
-4.1846e-01
 5.5466e-01
 3.7188e+00
 1.7424e+00
 1.3340e+00
-1.1713e+00
-1.1389e+00
 1.6810e+00
 3.2600e+00
 2.8116e+00
 2.2163e+00
 2.1113e+00
-4.2920e-01
 3.6511e+00
-9.0732e+00
-7.1350e+00
-7.7539e-01
 4.2902e+00
 8.4013e+00
 1.0023e+01
 1.2347e+01
 2.5021e+01
 6.0392e+01
 4.6319e+01
 3.6500e+01
 4.1341e+00
-2.9553e+00
-7.3769e+00
-3.8474e-01
-9.6921e-01
-3.9490e-01
 5.4568e-01
 3.2869e+00
 1.3823e+00
 6.5435e-01
-2.2755e+00
-3.5564e+00
 3.6173e+00
 5.0893e+00
 1.7901e+00
 1.7198e+00
 2.6212e+00
 1.9071e+00
 7.4580e+00
-8.5391e+00
 4.9859e+00
 1.7276e+01
 1.8025e+01
 1.4251e+01
 1.4484e+01
 1.5513e+01
 2.8476e+01
 1.3020e+01
 4.7354e+01
 1.3987e+02
 3.9025e+01
 3.5799e+00
-9.1747e+00
-3.0669e+00
-3.5260e+00
-1.1397e+00
 9.9549e-01
 2.7241e+00
 8.2450e-01
-2.8955e+00
-4.4540e+00
-1.4677e+00
 7.4732e+00
 1.5518e+00
 5.0648e-01
 5.7680e-01
-1.0150e-01
 6.8726e-01
-5.7686e-01
 2.3076e+01
 3.5282e+01
 2.4521e+01
 1.6019e+01
 1.4799e+01
 2.1515e+01
 2.4719e+01
 3.5130e+01
-3.3669e-01
 1.5401e+02
 2.1736e+02
 7.5695e+01
 3.2469e+01
 3.1436e+00
 1.0747e+00
-3.2113e+00
-5.7566e+00
-5.1065e+00
-1.6116e+00
 1.1597e+00
 5.6438e+00
 7.6108e+00
 5.7679e+00
 1.3788e+01
 1.6072e+00
-5.4386e-01
 5.0694e-01
-1.2177e+00
-4.4196e-01
 1.0687e+01
 5.8779e+00
 8.3927e+00
 1.2936e+01
 1.1303e+01
 1.1385e+01
 1.2445e+01
 2.0127e+01
 3.9936e+01
 1.4118e+01
 2.8122e+02
 3.0098e+02
 1.8104e+02
 7.7960e+01
 1.9834e+01
-7.2387e-01
-3.5132e+00
-3.2963e+00
-3.0817e+00
-6.0073e+00
-7.3099e+00
-9.3012e+00
 1.8965e+01
-4.3417e+01
-1.5675e+00
 3.9669e+00
 1.3331e+00
 2.8683e+00
 1.6218e-01
-1.3331e+00
 1.6883e+01
-1.3859e+01
-3.8191e+00
 7.5669e+00
 8.1256e+00
 1.6061e+00
 2.1598e+00
 9.1821e+00
-1.4595e+00
 2.2888e+00
 3.5586e+02
 4.1179e+02
 1.6048e+02
 1.2534e+02
 5.0535e+01
 6.8102e+00
-2.3039e-02
-1.5279e+00
-2.1810e+00
-4.5018e+00
-5.0647e+00
-1.4979e+01
-4.7711e+01
 4.9593e+01
 3.2695e+01
 1.9917e+01
 6.5231e+00
-3.8072e+00
 2.1925e-01
 3.4194e+00
 2.2963e+01
-9.9679e-01
-2.2125e+00
-5.4619e+00
-5.5404e+00
-1.3781e+01
-7.3276e+00
 2.0685e+00
-3.0194e+01
 1.7482e+01
 5.2200e+02
 2.7343e+02
 4.8109e+00
 1.0137e+02
 7.9248e+01
 8.6883e+00
 2.5618e+00
 1.8038e+00
 1.5206e+00
-3.3478e-01
 7.5355e+00
-9.9987e+00
-5.8779e+01
 1.3774e+02
 8.2647e+01
-6.5856e+00
-5.3291e+00
 6.5094e+00
-8.8715e-01
-2.8170e+01
 2.2252e+01
-1.4808e+01
-3.0193e+01
-3.0087e+01
-1.8591e+01
-8.1580e+00
 2.3062e+00
 8.3165e+00
-2.6009e+01
 5.8754e+01
 7.8646e+02
-8.1829e+01
-9.0603e+01
 5.9417e+01
 1.1463e+02
 4.1845e+00
-3.0871e+00
-3.6522e+00
-4.0458e+00
-3.5471e+00
 2.2940e+00
-1.6371e+01
 1.5619e+02
 4.7958e+02
 1.1314e+02
 4.2344e+01
 3.0055e+00
-2.8327e+00
 6.8942e-01
 2.4867e+01
-1.2430e+01
-1.4361e+01
-7.7011e+00
 5.5666e+00
 1.3523e+01
 1.4474e+01
 1.8317e+01
 1.8466e+00
-1.4305e+01
 5.5711e+01
 7.2551e+02
-1.6648e+02
-5.6706e+01
 3.1120e+01
 1.4320e+02
 6.4051e+00
-3.5581e+00
-6.3160e+00
-1.4456e+01
-1.8115e+01
 2.2969e+00
 7.6949e+01
 2.0763e+02
 3.3186e+01
-4.3335e+01
 2.6065e+00
-8.4165e-01
 2.3714e-01
-2.7437e+00
-1.0285e+01
 3.3623e+01
 3.5319e+01
 2.8684e+01
 3.2829e+01
 3.1983e+01
 2.2189e+01
 2.2821e+01
 1.1108e+01
-3.6034e+01
 4.3593e+01
 5.1816e+02
-9.9666e+01
-2.8488e+01
-1.4575e+01
 1.2814e+02
 4.6733e+00
-4.2679e+00
-8.4288e+00
-1.2553e+01
 6.1086e+00
 8.9684e+01
 5.6188e+01
-1.6937e+01
-9.2005e+00
-6.8701e+00
 1.7244e+00
 7.2096e+00
 3.7679e+00
 4.3271e+00
 5.9873e+00
 3.8981e+00
-1.6762e+01
 1.4809e+01
 3.4332e+01
 1.2580e+01
 1.8765e+01
 1.4137e+01
 1.8265e+01
-3.3588e+01
 3.5360e+01
 4.4152e+02
-3.5646e+01
-9.3793e+00
-9.4207e+00
 6.6930e+01
 3.8771e-01
-5.0204e+00
-6.7702e+00
 4.9878e+00
 4.1596e+01
 5.7972e+01
-2.7428e+01
-2.3633e+01
 6.0733e-01
 7.5165e+00
 4.8415e+00
 5.1485e+00
 7.5082e+00
 5.5225e+00
 8.8041e+00
 2.6147e+00
 6.9246e-01
-2.5502e+00
-2.1302e+00
-1.4513e+00
 6.4537e+00
 1.8004e+00
 4.7875e+00
-4.2133e+01
 5.0833e+01
 2.2875e+02
-1.0133e+02
 1.2223e+01
 7.3053e+00
 1.4856e+01
-1.4321e+00
-8.6848e-01
 5.5688e+00
 1.8765e+01
 2.6083e+01
 2.1712e+01
-1.8412e+01
-6.5470e+00
-1.6983e+00
 6.2838e+00
 2.5876e+00
 1.5709e+00
 1.6892e+00
 2.8637e+00
 6.7059e+00
 9.9033e+00
 1.2296e+01
 3.5858e+00
 1.0764e+00
 5.9628e+00
 1.2263e+01
 1.8786e+01
 1.8249e+01
-1.1257e-01
 1.1131e+02
 1.1686e+02
-6.8619e+00
-2.7300e+01
 1.1574e+01
 5.9508e+00
 1.8438e+00
 3.4034e+00
 1.2298e+01
 1.5564e+01
 8.9186e+00
 1.5141e+01
-9.1383e+00
-4.5998e+00
-1.6930e+00
 3.6183e+00
 4.6636e-01
-5.4911e-02
 1.2849e-01
 1.1132e+00
 3.1179e+00
 3.5543e+00
-2.1332e+00
-3.7187e-01
 1.8334e-01
 1.9160e+00
 2.9912e+00
 1.3294e+01
 1.5939e+01
-5.2134e+01
 6.1614e+01
-5.8844e+01
 1.8304e+01
-7.1661e+00
-6.3855e+00
 1.8000e+01
 1.7175e+00
 6.0611e+00
 1.4750e+01
 9.3773e+00
 3.1463e+00
 5.3310e+00
-8.6961e+00
-2.3779e+00
-1.4687e+00
 7.6618e-01
 1.7878e-01
 4.2032e-01
-2.1860e-01
 1.3469e+00
-2.4971e-01
 3.0829e-01
-3.1890e+00
-2.9358e+00
-9.0226e-01
 2.3530e+00
 8.6403e+00
-3.7582e+00
-2.0277e+00
-2.4470e-01
 1.5034e+01
 3.2943e+00
-1.3964e+01
-1.1028e+01
 1.0899e+01
 1.0851e+01
 4.2956e+00
 1.1453e+01
 1.5229e+01
 9.7684e+00
 7.5159e+00
 5.3177e+00
-2.3392e+00
-4.2409e+00
-2.7937e-01
 3.5726e-01
 8.6930e-01
 1.9046e+00
 1.6763e+00
 2.1373e+00
 1.7131e-01
 5.4832e-02
-1.7183e+00
-2.3010e+00
-1.3641e-01
 2.9011e+00
-2.1156e+00
-9.0096e+00
 7.9778e-01
-2.8525e-01
-2.4350e+00
 2.1764e+00
-1.6469e+01
-1.5705e+01
 8.3640e+00
 1.5719e+01
 5.3518e+00
 9.9173e+00
 1.1075e+01
 6.3172e+00
 4.9255e+00
-2.6942e+00
-2.0550e-01
-1.3742e+00
 5.9127e-01
 1.2716e+00
 1.5337e+00
 2.1459e+00
 2.8148e+00
 2.6335e+00
 1.2140e+00
 7.1239e-01
-1.0061e+00
-1.1657e+00
-8.1934e-01
 5.3362e-01
 2.8676e+00
 2.3968e+00
-7.3285e+00
 1.0960e+01
-6.1448e+00
 1.0966e+01
-9.9148e+00
-8.2261e+00
 4.6701e+00
 1.9658e+01
 4.5490e+00
 6.9047e+00
 7.8812e+00
 7.4810e+00
 4.2679e+00
 1.6024e+00
-6.2761e-01
-5.9379e-01
 1.6633e+00
 1.1736e+00
 1.8265e+00
 2.6536e+00
 3.1082e+00
 3.6843e+00
 1.8154e+00
 1.5037e+00
-1.5983e-01
 2.4510e-01
 1.3930e+00
 2.9780e+00
 4.4753e+00
 2.2370e+00
-9.1697e+00
 5.3217e+00
-2.4044e+00
 9.6314e+00
-7.9050e+00
-6.1020e+00
 4.0641e+00
 1.2633e+01
 2.0208e+00
 3.7421e+00
 5.9544e+00
 5.3452e+00
 3.0832e+00
 1.7803e+00
-7.5555e-01
-4.3820e-01
 1.2318e+00
 1.2373e+00
 1.3014e+00
 1.9008e+00
 1.9521e+00
 3.4756e+00
 2.6209e+00
 2.4175e+00
 7.2250e-01
 1.2337e+00
 2.0843e+00
 2.7250e+00
 2.0222e+00
-1.3366e+00
-1.1273e+01
 2.5927e+00
-3.6887e+00
 8.8477e+00
-1.0556e+01
-4.2115e+00
 3.1842e+00
 1.1456e+01
 1.0728e+00
 3.3240e+00
 4.4164e+00
 4.0825e+00
 2.0485e+00
 2.2190e+00
 3.6643e-02
 4.2748e-01
 1.0615e+00
 1.3163e+00
 8.8111e-01
 1.0671e+00
 1.3228e+00
 2.5307e+00
 4.8324e+00
 4.2540e+00
 2.0794e+00
 1.9942e+00
 2.3223e+00
 8.0658e-01
 5.3262e+00
 5.4581e+00
-7.0851e+00
 9.4229e+00
-8.0873e+00
 7.9666e+00
-1.2092e+01
-3.9944e+00
 4.6624e+00
 9.4286e+00
 1.6349e+00
 3.1254e+00
 3.8134e+00
 3.1254e+00
 1.6175e+00
 1.8033e+00
 1.0096e-01
 8.5919e-01
 1.1302e+00
 1.1614e+00
 9.9797e-01
 1.1043e+00
 1.4068e+00
 1.8389e+00
 5.1363e+00
 4.9494e+00
 2.2912e+00
 2.4435e+00
 3.2138e+00
 2.0865e+00
 5.2565e+00
 4.4938e+00
-5.2972e+00
 1.1518e+00
-2.7665e+00
 6.6504e+00
-1.2257e+01
-3.8789e+00
 2.7753e+00
 9.6765e+00
 1.2183e+00
 2.1234e+00
 2.6536e+00
 2.2032e+00
 8.9962e-01
 9.8359e-01
-6.0277e-01
 1.9219e-01
 2.3554e-01
 4.7858e-01
 9.9182e-01
 1.9044e+00
 1.4119e+00
 1.8046e+00
 3.0392e+00
 7.7807e+00
 3.4826e+00
 2.0008e+00
 2.5854e+00
 1.6800e+00
 5.9033e+00
 1.5130e+00
-3.1500e+00
-8.0760e+00
 6.9964e+00
 4.9694e+00
-1.0698e+01
-5.2645e+00
 4.3877e+00
 1.0254e+01
 1.4880e+00
 2.3152e+00
 2.4301e+00
 2.3194e+00
 8.1981e-01
 1.0861e+00
-4.2138e-01
 3.3716e-01
 3.5967e-01
 5.3118e-01
 1.3526e+00
 3.0950e+00
 2.4391e+00
 1.3458e+00
 2.0550e+00
 6.7726e+00
 3.9403e+00
 2.7758e+00
 2.4002e+00
 1.1773e+00
 1.1211e+01
 8.9464e+00
 9.1827e+00
-1.0523e+00
 1.3866e+01
 7.5744e+00
-8.9507e+00
-3.9973e+00
 4.7084e+00
 9.5182e+00
 1.2350e+00
 1.8873e+00
 2.2495e+00
 2.2445e+00
 1.3628e+00
 1.1503e+00
-5.7077e-01
 3.5201e-01
 5.9557e-01
 5.7913e-01
 9.0249e-01
 2.0273e+00
 1.7212e+00
 1.6555e+00
 7.9638e-01
 3.0326e+00
 5.1473e+00
 3.3948e+00
 2.4151e+00
 1.0306e+00
 1.5333e+01
 6.7710e+00
 6.7521e+00
 1.7270e+00
 6.5477e-01
 3.0422e+01
-7.9267e+00
-2.3254e+00
 5.3951e+00
 8.8729e+00
 1.0548e+00
 1.3033e+00
 1.6402e+00
 1.6389e+00
 2.4198e+00
 2.1344e+00
 1.2081e-01
-2.3868e-02
 2.9980e-01
 4.8424e-01
 1.4347e+00
 2.3229e+00
 1.1242e+00
 6.6469e-01
 9.7642e-01
 1.8710e+00
 4.6052e+00
 5.2608e+00
 4.0492e+00
 4.9509e+00
 2.4506e+01
 1.4737e+01
 1.2757e+01
 4.8318e+00
-1.3298e+00
 3.1445e+01
-3.4882e+00
-1.2403e-01
 3.1045e+00
 6.5517e+00
 1.2033e+00
 1.6965e+00
 2.2481e+00
 2.0616e+00
 2.8224e+00
 2.6992e+00
 1.5903e+00
 1.8827e+00
 1.8889e+00
 1.3635e+00
 2.9954e+00
 1.8057e+00
 2.7266e+00
 2.6707e+00
 8.0133e-01
 1.6753e+00
 1.4636e+00
 5.4829e+00
 3.6379e+00
 2.6393e+00
 2.4266e+01
 8.3864e+00
 1.7132e+00
 3.2319e+00
 3.6050e+00
 8.1522e+00
 5.0544e+00
-2.0557e+00
 3.0515e+00
 4.4426e+00
 1.1557e+00
 1.3698e+00
 1.7464e+00
 1.7851e+00
 2.0236e+00
 3.5710e+00
 1.6921e+00
 2.1772e+00
 3.2298e+00
 3.8457e+00
 5.5253e+00
 3.8987e+00
 3.3630e+00
 3.3744e+00
 4.4339e+00
 5.6131e+00
 3.5641e+00
 1.9804e+00
 2.4824e+00
-2.6692e+00
 2.4197e+01
 6.4799e+00
 3.9547e-01
 6.1302e-01
 2.5735e+00
-9.6239e-01
-1.2621e+00
-2.6733e+00
 3.3648e+00
 3.4546e+00
 1.8682e+00
 2.0452e+00
 2.2235e+00
 2.1456e+00
 2.0543e+00
 3.4427e+00
 2.6039e+00
 2.9083e+00
 3.8872e+00
 4.9936e+00
 4.9315e+00
 5.3414e+00
 6.8084e+00
 7.9690e+00
 7.8909e+00
 5.2159e+00
 4.9621e+00
 3.7808e+00
 2.1275e+00
-8.8313e-01
 2.5158e+01
-1.1267e+00
 1.9070e+00
 2.9777e+00
 1.0129e+00
 2.0798e+00
 7.4076e-01
 3.5453e+00
 4.4448e+00
 4.5038e+00
 1.9773e+00
 1.7526e+00
 1.6807e+00
 2.3426e+00
 2.7078e+00
 2.8615e+00
 3.3535e+00
 3.3782e+00
 4.1354e+00
 3.6873e+00
 5.4318e+00
 5.4297e+00
 4.9401e+00
 5.2780e+00
 6.4890e+00
 5.6646e+00
 7.6198e+00
 9.9821e+00
 9.8658e+00
 9.9560e+00
 2.4436e+01
 7.6734e-02
 3.9823e+00
 5.1652e+00
 8.0990e+00
 3.2651e+00
 3.2466e+00
 1.0399e+00
 5.1715e+00
 3.3290e+00
 2.0346e+00
 1.9590e+00
 1.9273e+00
 2.3442e+00
 2.5731e+00
 2.3180e+00
 3.3021e+00
 3.3380e+00
 4.2912e+00
 4.4412e+00
 5.8303e+00
 6.1069e+00
 6.0354e+00
 5.9438e+00
 5.7961e+00
 4.1272e+00
 6.4761e+00
 1.0383e+01
 1.1469e+01
 2.7424e+01
 1.1150e+01
 2.8830e+00
 3.2591e+00
 4.6737e+00
 3.0590e+00
 4.9673e+00
 1.0812e+01
 8.4523e+00
 8.5364e+00
 2.5942e+00
 2.2405e+00
 1.5531e+00
 1.6598e+00
 2.1200e+00
 2.5715e+00
 2.9859e+00
 3.3693e+00
 3.7734e+00
 3.9645e+00
 4.7310e+00
 5.6570e+00
 5.4201e+00
 5.1600e+00
 6.8566e+00
 8.6240e+00
 7.4074e+00
 7.8269e+00
 1.3869e+01
 1.9954e+01
 1.0786e+01
 3.1256e+01
 2.5171e+01
 1.1536e+01
 4.7229e+00
 5.9733e+00
 6.4357e+00
 1.0848e+01
 1.8257e+01
 5.7973e+00
 3.1482e+00
 2.1757e+00
 1.4699e+00
 1.5883e+00
 2.1889e+00
 3.1647e+00
 2.9324e+00
 3.3576e+00
 3.6706e+00
 4.1079e+00
 4.4818e+00
 6.0226e+00
 8.2143e+00
 9.8066e+00
 8.1178e+00
 6.1579e+00
 5.2109e+00
 1.5559e+01
 1.3672e+01
 1.9938e+01
 1.3946e+01
 3.0372e+01
 3.1915e+01
 1.8441e+01
 1.0141e+01
 5.2149e+00
 3.9162e+00
 1.0319e+01
 2.1570e+01
 7.3762e+00
 3.1712e+00
 2.7742e+00
 2.6491e+00
 2.8263e+00
 3.5634e+00
 3.9618e+00
 4.1219e+00
 5.1989e+00
 5.7264e+00
 6.3453e+00
 7.9387e+00
 8.6382e+00
 6.9761e+00
 5.5967e+00
 4.6474e+00
 7.6633e+00
 1.5761e+01
 1.2425e+01
 1.8215e+01
 1.3251e+01
 2.1466e+01
 2.3767e+01
 2.0623e+01
 1.4797e+01
 1.0635e+01
 1.0387e+01
 8.4857e+00
 7.1031e+00
 1.5838e+01
 1.1919e+01
 2.3770e+00
 3.9204e+00
 4.2152e+00
 3.7957e+00
 3.7276e+00
 3.8222e+00
 3.9232e+00
 5.5976e+00
 6.6898e+00
 7.0149e+00
 7.8128e+00
 6.5294e+00
 5.1723e+00
 4.0755e+00
 6.0655e+00
 1.5290e+01
 1.3040e+01
 1.1629e+01
 1.9098e+01
 1.8503e+01
 1.8326e+01
 1.9538e+01
 1.2899e+01
 1.6818e+01
 8.8475e+00
 1.1563e+01
 1.0173e+01
 9.1650e+00
 1.1180e+01
 1.1306e+01
 1.4847e+00
 4.0113e+00
 4.8483e+00
 4.5260e+00
 3.8449e+00
 3.3885e+00
 3.6417e+00
 5.8110e+00
 6.9202e+00
 6.4739e+00
 6.3251e+00
 5.0183e+00
 3.9881e+00
 4.9502e+00
 1.3149e+01
 1.4914e+01
 1.1235e+01
 1.0339e+01
 1.9221e+01
 2.0123e+01
 1.8130e+01
 1.7852e+01
 1.1022e+01
 1.3997e+01
 8.3230e+00
 1.1701e+01
 1.0025e+01
 9.5540e+00
 1.0792e+01
 9.4260e+00
 2.2922e+00
 3.9807e+00
 4.5359e+00
 4.2461e+00
 3.7322e+00
 3.4975e+00
 3.8914e+00
 5.5638e+00
 6.0042e+00
 5.8430e+00
 5.2371e+00
 3.9562e+00
 4.3850e+00
 9.7457e+00
 1.4620e+01
 1.2165e+01
 6.3943e+00
 1.4573e+01
 1.9689e+01
 1.7807e+01
 1.4331e+01
 1.8147e+01
 1.1248e+01
 1.2048e+01
 7.6237e+00
 1.1206e+01
 9.6397e+00
 8.8390e+00
 1.0347e+01
 8.8929e+00
 3.9333e+00
 3.8513e+00
 3.9560e+00
 4.0044e+00
 3.5484e+00
 3.6167e+00
 4.0409e+00
 5.1746e+00
 5.2143e+00
 5.0812e+00
 4.8096e+00
 4.2326e+00
 7.0037e+00
 1.3930e+01
 1.0861e+01
 7.2531e+00
 6.3088e+00
 1.8509e+01
 1.7950e+01
 1.4986e+01
 1.2445e+01
 1.7537e+01
 1.1127e+01
 1.0517e+01
 7.4030e+00
 1.0938e+01
 9.1389e+00
 8.3767e+00
 9.5909e+00
 8.7799e+00
 5.4197e+00
 3.7561e+00
 3.6385e+00
 3.7427e+00
 3.5447e+00
 3.6720e+00
 3.7814e+00
 4.6821e+00
 4.6561e+00
 4.5558e+00
 4.8758e+00
 6.0265e+00
 1.0823e+01
 1.0965e+01
 6.9433e+00
 6.7582e+00
 9.3967e+00
 2.0659e+01
 1.3580e+01
 1.1738e+01
 1.2511e+01
 1.4869e+01
 1.1236e+01
 1.0081e+01
 6.9688e+00
 1.0077e+01
 9.0298e+00
 8.3442e+00
 8.9770e+00
 8.5616e+00
 5.3858e+00
 3.7337e+00
 4.6351e+00
 4.6729e+00
 4.5468e+00
 4.5676e+00
 4.4542e+00
 3.4155e+00
 3.5090e+00
 3.7537e+00
 5.2637e+00
 9.8769e+00
 1.1205e+01
 9.3856e+00
 8.1021e+00
 1.0176e+01
 1.2968e+01
 1.7247e+01
 1.1884e+01
 1.0524e+01
 1.3533e+01
 1.5343e+01
 1.2821e+01
 1.1334e+01
 7.6797e+00
 8.3536e+00
 8.1993e+00
 7.7415e+00
 7.6050e+00
 7.4920e+00
 4.1215e+00
 3.6695e+00
 4.6253e+00
 4.5916e+00
 4.4714e+00
 4.3574e+00
 4.1957e+00
 3.1753e+00
 3.5062e+00
 4.4618e+00
 6.6322e+00
 9.0913e+00
 8.7409e+00
 8.5057e+00
 9.1550e+00
 1.2164e+01
 1.1871e+01
 1.3385e+01
 1.0553e+01
 1.0184e+01
 1.2619e+01
 1.4430e+01
 1.2445e+01
 1.0192e+01
 7.0279e+00
 7.9382e+00
 8.0107e+00
 7.9700e+00
 6.9449e+00
 6.7919e+00
 3.8127e+00
 3.3758e+00
 4.6748e+00
 4.6148e+00
 4.4233e+00
 4.2579e+00
 4.1722e+00
 3.2518e+00
 3.9564e+00
 5.2989e+00
 6.7153e+00
 7.4775e+00
 7.7360e+00
 8.9571e+00
 1.0558e+01
 1.2261e+01
 9.2292e+00
 1.0752e+01
 1.0270e+01
 9.9959e+00
 1.1737e+01
 1.3845e+01
 1.1937e+01
 9.1418e+00
 6.8339e+00
 7.8698e+00
 7.9063e+00
 7.6483e+00
 6.4551e+00
 6.1245e+00
 3.7277e+00
 3.5665e+00
 4.7543e+00
 4.6544e+00
 4.4053e+00
 4.2846e+00
 4.3293e+00
 3.6140e+00
 4.5290e+00
 5.6057e+00
 5.6977e+00
 6.8253e+00
 7.7310e+00
 9.6491e+00
 1.1281e+01
 1.0714e+01
 7.4059e+00
 9.2090e+00
 1.0340e+01
 9.5355e+00
 1.1092e+01
 1.2951e+01
 1.1350e+01
 8.3679e+00
 6.9199e+00
 7.7989e+00
 7.5267e+00
 7.0554e+00
 6.1655e+00
 5.5945e+00
 3.2842e+00
 3.5700e+00
 4.8194e+00
 4.6521e+00
 4.4366e+00
 4.4071e+00
 4.6020e+00
 4.0330e+00
 4.7435e+00
 5.1591e+00
 4.8689e+00
 6.6512e+00
 8.2406e+00
 1.0454e+01
 1.1086e+01
 9.5065e+00
 6.4400e+00
 8.3338e+00
 9.7687e+00
 8.9912e+00
 1.0282e+01
 1.2017e+01
 1.0564e+01
 7.7581e+00
 6.9604e+00
 7.6453e+00
 6.9452e+00
 6.4205e+00
 5.8716e+00
 5.2848e+00
 2.8924e+00
 3.5916e+00
 4.8596e+00
 4.6368e+00
 4.4870e+00
 4.5574e+00
 4.8543e+00
 4.2297e+00
 4.5604e+00
 4.7283e+00
 5.0345e+00
 7.2507e+00
 9.0082e+00
 1.0807e+01
 1.0253e+01
 8.8804e+00
 6.1272e+00
 7.5476e+00
 8.8395e+00
 8.6182e+00
 9.4086e+00
 1.1232e+01
 9.6316e+00
 7.4477e+00
 6.8750e+00
 7.2790e+00
 6.4079e+00
 5.9031e+00
 5.5279e+00
 5.1436e+00
 2.6226e+00
 2.0265e+00
 2.9267e+00
 2.7027e+00
 2.6275e+00
 2.7618e+00
 3.0538e+00
 3.1561e+00
 3.3262e+00
 3.6036e+00
 4.2639e+00
 7.6686e+00
 9.3898e+00
 1.0040e+01
 9.2521e+00
 8.4477e+00
 9.4675e+00
 1.0242e+01
 1.1418e+01
 1.1753e+01
 1.1515e+01
 1.1383e+01
 1.0412e+01
 8.8222e+00
 8.0754e+00
 6.5091e+00
 5.6083e+00
 5.0721e+00
 4.7862e+00
 4.6496e+00
 2.0259e+00
 1.9629e+00
 2.8818e+00
 2.7052e+00
 2.6904e+00
 2.8460e+00
 3.1029e+00
 3.1067e+00
 3.3738e+00
 3.8936e+00
 4.9170e+00
 8.4382e+00
 9.4590e+00
 9.2050e+00
 8.7839e+00
 8.5647e+00
 9.5208e+00
 9.8847e+00
 1.0986e+01
 1.1522e+01
 1.1252e+01
 1.0958e+01
 1.0049e+01
 8.7652e+00
 7.7004e+00
 6.1435e+00
 5.2938e+00
 4.7199e+00
 4.5213e+00
 4.4930e+00
 1.9845e+00
 1.8773e+00
 2.8358e+00
 2.7360e+00
 2.7500e+00
 2.9044e+00
 3.1572e+00
 3.2457e+00
 3.7040e+00
 4.5237e+00
 5.7301e+00
 8.8046e+00
 8.8723e+00
 8.5395e+00
 8.5668e+00
 8.7165e+00
 9.7667e+00
 9.9808e+00
 1.0663e+01
 1.1074e+01
 1.0679e+01
 1.0349e+01
 9.7930e+00
 8.6272e+00
 7.3272e+00
 5.8016e+00
 5.0039e+00
 4.4841e+00
 4.2695e+00
 4.2578e+00
 1.7531e+00
 1.6617e+00
 2.8130e+00
 2.8019e+00
 2.8349e+00
 2.9960e+00
 3.3304e+00
 3.6177e+00
 4.3263e+00
 5.2974e+00
 6.1325e+00
 8.3851e+00
 8.1382e+00
 8.1782e+00
 8.5239e+00
 8.9437e+00
 1.0207e+01
 1.0253e+01
 1.0318e+01
 1.0415e+01
 1.0108e+01
 9.8144e+00
 9.4686e+00
 8.4516e+00
 7.0791e+00
 5.5171e+00
 4.7461e+00
 4.2375e+00
 4.0228e+00
 4.0550e+00
 1.8065e+00
 1.7164e+00
 2.8213e+00
 2.8988e+00
 2.9829e+00
 3.2297e+00
 3.6941e+00
 4.1431e+00
 4.9251e+00
 5.5367e+00
 5.6727e+00
 7.6024e+00
 7.6618e+00
 8.0553e+00
 8.6091e+00
 9.1903e+00
 1.0529e+01
 1.0331e+01
 9.8580e+00
 9.6211e+00
 9.5281e+00
 9.3618e+00
 9.0859e+00
 8.2650e+00
 6.9694e+00
 5.3021e+00
 4.4949e+00
 3.9850e+00
 3.8402e+00
 3.9290e+00
 1.7156e+00
 3.2942e+00
 4.0584e+00
 4.2453e+00
 4.4615e+00
 4.8322e+00
 5.3608e+00
 4.8944e+00
 5.2819e+00
 5.3354e+00
 5.0099e+00
 6.6776e+00
 7.2908e+00
 7.8761e+00
 8.5104e+00
 9.0501e+00
 9.3465e+00
 8.9492e+00
 8.2468e+00
 7.8744e+00
 7.9860e+00
 7.8071e+00
 7.5370e+00
 6.8802e+00
 5.7009e+00
 4.4612e+00
 3.6011e+00
 3.1186e+00
 3.0617e+00
 3.2091e+00
 6.1822e-01
 3.2589e+00
 4.1076e+00
 4.4307e+00
 4.7712e+00
 5.1317e+00
 5.4703e+00
 4.6346e+00
 4.6346e+00
 4.5868e+00
 4.6963e+00
 6.5968e+00
 7.0843e+00
 7.6679e+00
 8.2200e+00
 8.5614e+00
 8.6760e+00
 8.2619e+00
 7.6854e+00
 7.3879e+00
 7.5436e+00
 7.4499e+00
 7.1625e+00
 6.5968e+00
 5.5554e+00
 4.3290e+00
 3.4331e+00
 3.0149e+00
 3.0149e+00
 3.1642e+00
 5.5822e-01
 3.2487e+00
 4.1623e+00
 4.5458e+00
 4.8613e+00
 5.0377e+00
 5.0823e+00
 3.9902e+00
 3.9635e+00
 4.0875e+00
 4.3727e+00
 6.3051e+00
 6.7212e+00
 7.1694e+00
 7.5325e+00
 7.6894e+00
 7.7324e+00
 7.4545e+00
 7.1503e+00
 6.9800e+00
 6.7966e+00
 6.6252e+00
 6.5556e+00
 6.0626e+00
 5.2402e+00
 4.1632e+00
 3.2717e+00
 2.8966e+00
 2.8879e+00
 2.9941e+00
 3.6731e-01
 3.0608e+00
 3.9558e+00
 4.2937e+00
 4.5036e+00
 4.5017e+00
 4.3724e+00
 3.2660e+00
 3.3644e+00
 3.6117e+00
 3.9255e+00
 5.8007e+00
 6.1019e+00
 6.3797e+00
 6.5770e+00
 6.6293e+00
 6.7025e+00
 6.6195e+00
 6.5508e+00
 6.4724e+00
 6.4066e+00
 6.2022e+00
 5.9763e+00
 5.5889e+00
 5.0106e+00
 4.1599e+00
 3.3354e+00
 2.9648e+00
 2.8955e+00
 2.9894e+00
 3.4736e-01
 3.0500e+00
 3.8655e+00
 4.0787e+00
 4.1754e+00
 4.0977e+00
 3.9616e+00
 2.9242e+00
 3.0961e+00
 3.3533e+00
 3.6206e+00
 5.4109e+00
 5.5656e+00
 5.6604e+00
 5.6969e+00
 5.6675e+00
 5.7845e+00
 5.8432e+00
 5.8866e+00
 5.8572e+00
 5.7869e+00
 5.5790e+00
 5.4399e+00
 5.1720e+00
 4.7811e+00
 4.1717e+00
 3.4676e+00
 3.0638e+00
 2.9168e+00
 3.0026e+00
 2.1714e-01
[ CPUDoubleType{2100,1} ]
