  -3.8842
  -5.6563
  -6.8286
  -8.1583
  -9.0164
  -8.9207
  -7.0574
  -5.7059
  -4.3303
  -3.3806
  -3.4119
  -0.3185
  -2.4322
  -4.7533
  -6.5979
  -7.3839
  -6.7000
  -4.6616
  -2.2927
  -1.1067
  -0.9133
  -1.5091
  -2.3998
  -3.4447
  -4.0891
  -4.4032
  -6.7648
  -3.3822
   2.4766
   3.8540
  -2.3459
  -4.6824
  -6.1750
  -7.8649
  -9.1894
  -9.6269
  -8.2593
  -7.1092
  -5.5126
  -4.1035
  -3.7769
  -0.6636
  -3.0824
  -5.8213
  -7.8335
  -8.0037
  -6.0738
  -3.3524
  -0.9802
  -0.0141
  -0.1440
  -1.3413
  -3.1158
  -4.8312
  -6.6469
  -6.0385
  -6.7548
  -1.9345
   4.0251
   4.4862
  -2.1466
  -4.4998
  -5.7345
  -7.1095
  -8.3060
  -8.9873
  -8.1401
  -7.3922
  -5.9132
  -4.4059
  -4.0098
  -0.8386
  -3.0901
  -5.7678
  -7.5480
  -7.0851
  -4.7894
  -2.1828
   0.2575
   1.3967
   1.0374
  -1.3294
  -4.6063
  -7.1856
  -9.4883
  -8.4958
  -6.8968
  -2.1123
   3.4059
   3.0830
  -2.3871
  -5.1036
  -5.6617
  -6.1719
  -6.5228
  -7.1102
  -6.7565
  -5.4627
  -2.7369
  -1.0984
  -1.1446
   1.4448
  -0.9388
  -4.0911
  -6.6412
  -7.1011
  -6.0952
  -4.2026
  -1.2607
   0.9160
   0.9455
  -1.4360
  -5.0404
  -8.0701
 -10.6991
  -9.7426
  -4.9799
   0.2978
   4.8686
   3.9663
  -2.0883
  -5.0226
  -5.4901
  -5.5482
  -5.0148
  -4.4023
  -3.4777
  -2.5370
  -0.8387
  -0.4151
  -1.1064
   1.6253
  -0.0585
  -2.3052
  -4.2145
  -5.1927
  -5.7249
  -4.7265
  -1.8808
   0.6015
   0.1015
  -1.4816
  -4.2666
  -6.9165
  -8.9681
  -6.0398
  -0.7640
   2.7851
   6.7996
   5.1418
  -1.8198
  -5.7402
  -7.0905
  -7.3109
  -6.0317
  -4.2159
  -2.4787
  -2.1514
  -1.7632
  -2.2445
  -2.8549
   1.0316
   1.2644
   1.5759
   2.6511
   3.1946
   1.1771
   0.7273
   2.3006
   3.2805
   3.3846
   2.2049
  -0.2401
  -3.4024
  -6.0732
  -4.2547
  -1.9644
  -0.9025
   3.8264
   3.4019
  -2.8676
  -6.8805
  -8.3479
  -8.1538
  -5.8499
  -2.7228
  -0.1464
  -0.4925
  -1.4907
  -2.8605
  -3.6255
   0.9401
   2.3822
   4.6651
   9.0744
  12.5913
   9.9493
   6.8604
   5.5113
   4.1765
   3.1513
   2.1921
   0.9424
  -0.2589
  -0.0819
   2.0308
   0.5313
  -0.0440
   3.9989
   3.5062
  -4.6465
  -7.0284
  -6.9090
  -5.2917
  -1.8005
   1.7605
   3.1631
   0.7591
  -1.2808
  -2.7465
  -4.2331
  -0.6819
  -0.1757
   2.4585
   9.5007
  15.7927
  13.6594
   8.1064
   3.3416
   0.6791
   0.7102
   1.9965
   3.8118
   6.9152
  14.1854
  23.0498
  16.6630
  13.0419
  12.3765
   7.2476
   2.2940
   0.6942
   1.0033
   1.7989
   3.3989
   3.8499
   1.8157
  -2.5502
  -4.0662
  -3.8769
  -5.3612
  -2.7778
  -2.6271
   1.5147
  11.5134
  19.8767
  17.2336
   8.5265
   0.5184
  -3.0252
  -1.4079
   1.9869
   5.8070
  11.2311
  25.1798
  43.1186
  34.3557
  24.5059
  17.2502
   8.1365
   2.9569
   1.1866
   2.1869
   4.2148
   6.2458
   4.9730
   1.0182
  -3.3886
  -4.2997
  -2.9405
  -6.5269
  -3.1305
  -0.0459
   7.0124
  19.4237
  27.1073
  20.1911
   6.5614
  -2.8513
  -5.1807
  -2.2185
   0.4372
   2.2099
   6.0185
  25.5789
  49.4678
  42.0034
  27.1289
  11.5843
   1.9297
  -0.1479
   0.3038
   3.5661
   8.4243
  13.6195
  14.1997
   9.2538
   2.4101
  -0.9939
   1.1413
   5.2182
  12.0487
  15.3143
  20.7602
  29.8929
  30.6181
  17.1469
   1.3638
  -5.6112
  -4.0372
  -1.6588
  -2.1937
  -2.0764
   3.3009
  28.4552
  54.7232
  44.1545
  23.3383
   3.0822
  -5.1027
  -4.3756
  -2.2094
   2.6667
   9.3725
  17.1619
  19.7241
  13.0128
   2.6595
  -0.7933
   2.3766
   4.4926
  10.3046
  14.1447
  21.0952
  29.7958
  24.3088
   8.1327
  -2.7731
  -5.5184
  -3.0327
  -5.3106
  -2.4955
   2.5737
  11.2350
  41.2395
  65.6256
  44.0332
  11.4604
  -5.7441
  -9.7244
  -8.0230
  -6.9680
  -4.1651
   0.4376
   7.8608
  11.3817
   6.2133
  -1.4180
  -4.6460
  -2.0106
   1.2008
   8.6784
  13.7831
  22.2563
  31.4306
  24.3126
  11.1661
  -0.2202
  -3.3913
   2.0396
  15.7788
  24.1085
  27.9215
  32.8178
  61.3517
  70.4392
  34.6978
  -1.6535
  -7.8664
  -2.4526
  -5.3183
  -8.5717
  -8.3993
  -5.1619
   1.8135
   6.2098
   5.1773
   2.6611
  -4.4072
  -6.9960
  -4.5911
   3.5826
  10.1009
  19.2368
  27.0076
  17.1015
   1.7775
 -12.6042
  -1.7155
   5.4430
  12.4095
  19.7861
  24.7935
  32.8872
  68.9244
  58.2769
  16.3139
 -11.6939
  -7.0643
   7.3139
  -7.1482
  -9.0491
  -8.0421
  -4.3410
   3.3935
   8.4710
   4.6892
  -3.3134
  -9.7097
 -11.0031
  -7.9953
  -3.5298
   0.2539
   3.9461
   4.8350
  -7.9383
 -27.0099
 -27.3609
  -6.3574
  -2.6072
   8.7271
  17.6004
  22.7997
  32.8886
  76.1337
  47.8635
  29.1570
  -2.2815
   1.9872
   3.8429
   9.6316
  11.4120
   9.7734
   8.9918
  13.8312
  14.7982
   2.9464
  -5.5833
  -4.1210
   2.2189
  -1.7250
  -1.9237
  -1.6409
  -3.1097
  -9.3609
 -22.9698
 -33.1424
 -18.9426
 -10.5068
 -10.3254
   0.2301
   9.4384
  18.4751
  30.3974
  72.8390
  33.2088
  15.8999
 -14.4491
 -10.8681
  -4.0647
   5.8117
   8.7067
   8.7586
  10.4364
  16.9936
  15.8331
   2.0406
  -4.7022
  -1.5936
   5.1546
  -6.8762
  -4.7175
  -5.1486
 -10.8588
 -21.1546
 -24.1878
 -26.0700
 -31.9827
 -38.9843
 -23.8685
  -6.5678
   3.5511
  10.2947
  16.4008
  42.4939
  14.6207
 -22.0463
 -37.9741
 -19.1756
  -3.0442
   5.9315
   5.6094
   3.4075
   6.7222
  20.6953
  28.0850
  24.1013
  12.6198
  13.2855
  12.1326
  20.4825
  18.3750
  11.3808
   0.5047
 -11.6869
   2.4438
  -8.7053
  -9.7276
  -1.8045
   4.6043
   8.4864
  10.0039
  13.5984
  16.6420
  30.8889
  22.2093
  14.7098
  -3.5249
  -6.4792
  -2.1559
   2.8494
   1.1371
   3.0512
   8.7021
  18.5155
  12.5554
  -8.1025
 -19.8621
 -19.8129
  -8.9636
  12.4265
  14.3146
   8.9114
   3.0225
   3.2499
  37.6494
  36.8531
  50.5861
  49.3069
  32.6018
  -1.3519
   5.3784
   9.9078
   8.3036
  -0.5281
  43.4291
  95.9993
  24.7962
 -28.3143
 -31.0796
  -3.6259
   1.5626
   3.7244
   6.1898
   6.0521
 -12.8431
 -43.3015
 -48.9852
 -17.9795
   9.1255
  12.1054
   3.1879
 -10.1450
 -19.9015
  -0.7283
  71.4944
 118.8488
 153.6376
 138.3401
  90.1731
  53.6933
  39.3146
  30.0612
  27.3100
  15.4272
 127.7434
 175.0415
  77.5845
  41.3045
  18.5267
   8.6719
   1.7075
   1.7446
   3.1752
  14.3495
  28.9525
  23.6889
  14.7465
  -4.7321
  34.3642
   7.7092
  -7.2236
 -11.4316
 -16.6016
  -4.2235
  43.3690
 -10.1445
  -4.1732
  10.4678
  23.7973
  29.3115
  33.3378
  30.1614
  36.4107
  50.0660
 245.9615
 308.7043
 220.4905
 129.9191
  60.3314
 -25.4157
 -16.2795
  -9.8052
 -14.9332
 -11.8679
  22.1494
  33.8886
  24.0760
 -62.0427
 -25.6304
  25.0573
   0.0177
   0.9682
   2.1290
  10.4374
   8.7382
 -81.0800
-108.4873
 -37.3157
   7.2386
  14.2385
   5.9859
 -12.4289
 -37.0819
  19.7617
 328.1678
 507.8150
 409.9850
 350.1451
 180.9128
  56.0912
  11.5075
   1.3580
  -0.2247
   7.5617
  17.8003
  -2.8667
 -36.2966
  44.5969
  46.4152
   8.3535
  -1.3802
   3.0973
   1.2199
  18.3269
  94.1645
  12.7788
 -35.2527
 -23.8493
   2.6521
 -20.1669
 -30.7152
 -43.5156
 -82.9569
  15.6768
 376.7239
 251.4249
  39.4518
 110.4993
  72.8628
  23.6810
  13.0722
   8.5585
   3.8426
  14.1153
  42.9193
  -1.7752
 -42.9977
  94.4961
  63.8774
 -60.2573
  -8.5044
  -0.1510
 -12.8191
 -32.6967
  74.0556
  13.6351
 -66.3807
 -77.7434
 -44.7602
 -25.0390
 -25.6722
 -20.4239
 -35.2139
 120.9485
 519.7155
-162.9795
-216.9122
  -9.2412
  79.0047
  25.2373
  -0.6274
 -18.5986
 -28.1578
  -1.7184
  62.8370
 111.8052
 288.5195
 501.5843
 157.9930
  21.7330
  -6.4546
  -0.3208
   3.5711
  45.5109
  20.9648
 -31.5780
 -36.8817
   1.4378
  30.6354
  22.3945
  -0.9037
  -9.2676
  -1.3612
 171.4741
 549.9473
-135.2013
-150.4453
 -49.5358
  95.1795
  13.9930
 -27.1117
 -53.3264
 -68.0373
 -24.7246
  61.9647
 104.2048
 156.5196
  48.7357
 -33.4509
  -5.7264
  -0.1009
   2.2113
  -4.6306
 -14.1616
  39.0934
   7.6696
   3.5169
  32.1669
  59.4170
  13.6598
  19.3906
  -3.5233
 -11.2743
 140.2392
 487.1975
  32.9905
 -50.5396
 -83.3949
  39.5382
 -11.0321
 -33.2606
 -41.7601
 -23.6230
  69.0467
 157.0716
   6.2039
-110.0548
 -61.3350
  -0.4606
  21.0549
  10.9530
   9.1986
  10.6737
  11.6328
  19.3841
  12.5187
 103.4663
 161.4794
  82.1641
  50.4857
  31.4955
  20.8681
  17.6455
 133.7320
 360.3941
  38.6402
 -12.9902
 -29.3687
  16.8037
  -4.9720
 -22.0802
 -23.4263
  15.7640
 124.4553
 159.9090
 -31.6568
-103.7719
 -11.7550
  32.4503
  14.3414
  -3.5537
 -17.3505
 -19.9277
 -16.2341
  -1.5233
  19.8571
  21.1218
  -9.8530
 -40.6763
 -41.6419
 -29.2309
  -9.7530
 -22.2183
  72.5328
 148.1518
 -42.7020
 -23.7848
  -9.7589
  -6.7402
  -6.4748
  -8.5295
  -4.6975
  31.2755
 113.1863
 152.0398
  29.1036
 -19.0421
 -16.6510
   0.0318
  -4.1142
 -12.5155
  -8.5182
   3.3224
  21.2792
  39.9441
   7.4364
 -36.4579
 -37.7204
 -12.0681
  17.7202
  20.7043
   5.9541
  21.4979
  96.4202
  67.1590
  20.4367
  13.3844
  36.4637
  17.9484
  17.1819
  16.2616
  23.4394
  42.8431
  82.5216
  99.3888
  29.9108
  -3.5914
 -10.9272
  -2.8755
  -4.0260
  -9.1173
  -0.7329
   5.2828
  28.2185
  25.3041
 -18.7355
 -40.3462
 -18.7668
   1.2537
  10.6455
  10.3207
  -7.1584
 -21.4907
  31.7338
 -56.0075
   2.7355
  -1.0808
 -16.8420
 -28.5042
 -29.5001
 -16.8739
  -2.3750
   1.5752
  16.9621
  19.6449
 -14.7695
 -22.7379
 -16.1059
  -9.3430
  -3.7241
  -6.6436
  -7.4182
   4.2858
  28.3641
  33.0764
   5.5971
  -7.9941
  -3.4238
  -0.9518
  -1.6279
  -1.3874
   8.1415
  13.6540
  15.9400
   9.4948
 -11.6272
 -11.3216
   2.7645
   3.0089
  11.1426
  18.9149
  18.6670
  20.5519
  31.6550
  26.3894
  12.2899
   3.2393
   5.7590
   7.6734
  11.3629
  12.1648
  12.0715
  15.2102
  22.2456
  20.6104
   1.4308
  -7.1182
  -1.6863
   3.8261
   1.0710
  -2.8365
   3.5888
   2.5618
  -2.3652
   2.2276
 -21.8962
 -28.1628
   1.1436
  13.4910
  11.6151
  10.6093
   2.6081
  -2.9094
  -4.4920
 -15.7837
  -7.6697
  -6.3888
 -13.5820
 -16.1550
 -14.6685
  -9.9887
  -6.1276
  -5.6454
  -4.2606
  -6.1740
 -17.2453
 -18.4334
 -11.0129
  -4.9376
   1.5703
  -4.0383
 -24.0574
  -3.4977
   0.1860
  11.9950
  -7.5318
  -8.3661
   5.5304
  16.6416
   7.2450
   7.7376
   9.3484
   9.7185
   8.1208
   6.4873
   0.8144
  -0.5130
   0.0702
   2.2013
   6.7412
  10.3413
  11.3949
  11.1972
  11.4346
   8.1442
  -0.2006
  -2.6739
   1.2576
   7.8120
  16.9380
  17.4710
   1.3151
   8.1065
   4.2682
  10.0840
  -6.0142
  -4.0235
   4.4579
  11.8230
   5.2490
   4.2711
   5.0218
   2.8277
   0.2370
   0.1378
  -5.7369
  -6.6875
  -0.3737
   4.7194
   6.7532
   5.2515
   1.8793
  -1.0420
  -2.2159
  -5.1530
  -8.0083
  -8.5995
  -9.9751
  -8.8801
  -2.7515
  -2.2972
 -11.3139
  -8.4690
  -9.8525
  -3.6502
 -17.5936
  -9.1351
  -1.5854
   2.8768
   2.2023
  -0.7718
  -5.2516
  -2.7489
   1.1990
   5.1690
   1.4909
  -0.0573
   3.3633
   6.2371
   4.8476
   5.0371
   4.7495
   4.0263
   6.0201
   5.9683
   0.6156
  -1.5158
  -0.3619
   0.0607
   5.8647
   7.0799
   1.0104
   4.7386
   0.4566
   1.8320
 -10.8478
  -1.7005
   5.7110
  11.3067
  14.0649
  14.5662
   9.2432
   5.6604
   4.5746
   5.8713
   2.9772
   2.3789
   4.2113
   5.8659
   4.2717
   2.8398
   3.4857
   1.7140
   2.2532
   3.0408
  -0.9849
  -1.4189
   1.3289
   2.7848
   5.5081
   1.7988
  -6.8946
  -4.9453
  -1.1490
  -2.2806
 -12.0669
  -4.7395
  -0.0237
   2.8080
   2.6986
   3.0006
  -0.0108
  -3.3553
  -4.8330
  -3.4571
  -4.6327
  -2.8393
  -0.7885
   0.5139
   5.2237
   1.2800
  -1.4773
  -0.2406
   3.2811
   8.2728
   3.9090
  -0.8059
   0.3339
   2.9434
   7.5792
   4.4083
   0.1708
  -6.1414
   3.7929
   3.3875
  -7.7210
  -4.1836
   3.8601
   7.7491
   6.1449
   6.4694
   4.6573
   2.7008
  -0.0347
  -1.7604
  -3.7526
  -1.1075
   3.0303
   8.2695
  13.5627
  14.7851
   8.1729
   2.9573
   4.3754
   7.9684
   5.4754
   2.4837
   0.2896
   0.8272
   9.1895
   7.7486
   9.1900
  -0.4528
   4.7688
   7.1059
  -5.0589
  -3.2643
   3.5837
   7.4789
   4.7931
   3.0905
   0.4404
  -0.5711
  -0.7195
  -1.9809
  -4.3185
  -1.7990
   0.9257
   3.2942
   6.3485
   6.4561
   3.2932
  -1.4151
  -3.6339
  -0.5776
   0.6181
   0.6420
  -1.2252
  -1.8077
  14.8607
   6.6223
   8.1723
   5.2749
   3.2963
  20.4594
   2.2991
  -0.4996
   4.3639
   7.2167
   5.1974
   3.9609
   1.7845
   0.6376
   2.5400
   1.7362
  -2.6595
  -3.0995
   0.4093
   3.4656
   6.2087
   6.0381
   2.9113
   1.7184
  -1.0635
  -3.0866
  -1.7137
  -0.3031
   1.8179
   7.6356
  23.4635
  18.1982
  14.3149
   6.3998
   6.7597
  15.7395
   5.2083
   2.6668
   3.9756
   5.2546
   4.5150
   4.9530
   4.7764
   3.3307
   4.4692
   5.0023
   2.1356
   1.3273
   2.2526
   4.0893
   7.0265
   4.1380
   1.9968
   0.7302
  -0.2466
   0.1927
  -1.6992
   3.4141
   3.8302
   4.1838
  20.1105
  10.9913
   3.0592
   2.5295
   3.6950
   2.7371
   1.7389
   0.4277
   0.9459
   0.1019
   6.3308
   4.7798
   3.5760
   2.7854
   4.3231
   7.9369
   5.3251
   4.1086
   5.7268
   7.4048
   9.3743
   6.1913
   3.8136
   3.9798
   4.9439
   4.4736
   0.8779
  -2.3149
   2.2254
   1.4569
  15.9797
   8.3492
   1.9666
   2.3662
   3.0591
  -1.0977
  -1.9891
  -3.9625
   2.4512
   6.2835
  11.5034
  11.8282
   7.9354
   3.3956
   2.2506
   3.8502
   4.3259
   5.9189
   9.1565
   9.9143
   7.6677
   5.2436
   5.3372
   5.7572
   6.6189
   5.6275
   5.7983
   4.2136
  -0.7632
  -0.4911
  15.7027
   3.7004
   2.8110
   2.4502
   2.3927
   1.6400
   0.6364
   6.2245
   5.5177
   6.8630
   9.3349
   8.1986
   4.2855
   2.2252
   1.3351
   0.8067
   2.4225
   4.6909
   6.0382
   4.9867
   8.9963
   6.7472
   3.4030
   2.5076
   4.8245
   5.5119
   7.2231
   8.0208
   7.3502
   5.8281
  15.8420
   4.8842
   3.2616
   5.5664
   7.7596
   2.9931
  -0.0542
  -0.4567
   1.7412
   3.3609
   6.0385
   5.4403
   2.7727
   2.0225
   1.9026
   1.6492
   3.6114
   5.5253
   8.5788
  11.5892
  15.8060
  15.2909
   9.3601
   2.7987
  -0.1715
  -0.7782
   3.5421
  10.0346
  16.5012
  17.2035
  10.3616
   3.5079
   5.5615
   6.1108
   4.5306
   7.1548
  10.0628
   9.3287
   8.5727
   2.6917
   4.5974
   3.4999
   2.2992
   2.6812
   3.9381
   5.1253
   6.3476
   7.9253
   8.8081
  10.8197
  14.0692
  13.6022
   9.9888
   5.9680
   3.3205
   0.9134
   4.3204
  12.6513
  16.2447
  13.6077
  22.5481
  17.1418
   6.0952
   1.8597
   5.8703
   9.6554
  12.2070
  16.0557
   8.2164
   3.2595
   4.6191
   3.4633
   2.7159
   4.5420
   6.2757
   4.8995
   4.3420
   5.4562
   6.6126
   8.5185
  10.9653
   9.8850
   7.9064
   5.9585
   5.1196
   4.6184
  11.2151
  14.9790
  18.3488
  17.3074
  29.0319
  31.0320
  18.0491
   6.2443
   0.9749
   3.0958
  11.1694
  21.2596
  13.5894
   7.3909
   5.9305
   4.4557
   5.0957
   6.5264
   7.0529
   8.1551
  11.1826
  12.7320
  12.1109
  10.5144
   8.5843
   7.4606
   6.7195
   6.5615
   9.0433
  12.8668
  12.3371
  13.8232
  13.5418
  16.1832
  22.7561
  23.4842
  16.5049
   8.8736
   8.4790
   5.9442
   8.2465
  16.8567
  13.8971
   5.4529
  11.5785
  10.9436
   7.5948
   5.8809
   6.9920
   9.7187
  13.6749
  14.7784
  11.7895
   9.1312
   7.6925
   6.8079
   6.3918
   8.2477
  12.4239
   9.4646
   8.6043
  14.7108
  13.1776
  14.9293
  18.9539
  15.9289
  15.1559
   9.5094
  11.0663
  10.3391
  10.7948
  14.4767
  14.6773
   9.4474
  15.7012
  17.8770
  13.7709
   8.0167
   5.3155
   7.3691
  13.4435
  16.3363
  13.3172
  10.1779
   8.1072
   7.3477
   8.2352
  11.6812
  11.5780
   9.2321
  12.9532
  17.8504
  16.6588
  16.5338
  16.3477
  13.2175
  13.1892
  10.4892
  13.0821
  12.8170
  11.4965
  12.0333
  11.4805
   8.0433
  14.0287
  16.4052
  14.1560
  10.4162
   8.1261
   8.3084
  11.3950
  12.4593
   9.8792
   6.4849
   9.4978
  10.3034
  11.3741
  11.3236
  10.3066
  10.5763
  16.4053
  18.1247
  15.7843
  13.3232
  15.0737
  12.5838
  11.8653
   9.8845
  12.6891
  10.6472
   9.4441
  11.3110
  10.7980
   8.4773
  12.2671
  13.5136
  12.7098
  10.6324
   9.5242
   9.8044
  11.2376
  11.2085
  10.4297
  10.6578
  12.2114
  14.1989
  14.5249
  11.0268
   9.5139
  10.1155
  17.2874
  18.2637
  14.1035
  12.4694
  15.0990
  12.7668
  11.7999
  10.1523
  12.4426
  10.3105
  10.9382
  12.9923
  12.5250
  10.1392
  11.6405
  12.0858
  11.7228
  10.7616
  10.1187
   9.7934
  10.0429
   9.2799
   8.6359
   9.5044
  11.6376
  14.2571
  13.8516
  11.4626
  10.5570
  11.3914
  16.8986
  13.9201
   9.4192
   7.0024
  13.4817
  13.1843
  12.1966
   9.6906
  11.4125
  10.7090
  12.2485
  13.1853
  11.9864
   9.0856
  10.6230
  12.2867
  11.9902
  11.1642
  10.1552
   9.0638
   7.5228
   7.6487
   7.6876
   8.8001
  12.9263
  14.6940
  14.4396
  13.0859
  13.3380
  13.1590
  15.5292
  12.8825
  11.0120
  12.3189
  17.0964
  16.4319
  14.6552
  10.7960
   9.6389
   9.8984
  11.9249
  12.3249
  10.7705
   7.8080
  10.3373
  12.0742
  11.7920
  10.9338
   9.6878
   8.6940
   7.8246
   8.5043
   8.7193
   9.5775
  12.6588
  13.8625
  13.7868
  13.3299
  13.8705
  12.0694
  12.6866
  11.0637
  10.0941
  11.2447
  16.2240
  15.7806
  13.7049
  10.2245
   9.6945
  10.2137
  11.4402
  10.1410
   7.4683
   3.1294
   9.0197
  11.5782
  11.5570
  10.5215
   9.2257
   8.6726
   8.0780
   8.5075
   8.4338
   8.9817
  11.7208
  12.8467
  13.2412
  13.1472
  12.8970
   9.8299
  10.4247
  10.3465
  10.0416
  10.8968
  15.4380
  14.8315
  12.5462
   9.8123
  10.1541
  10.5030
  10.9900
   9.9617
   8.9488
   7.3632
  10.4295
  12.5260
  11.9145
  10.2998
   8.8567
   8.5379
   7.9781
   8.2563
   8.1554
   8.5929
  11.1535
  12.3060
  13.0012
  12.9175
  11.9413
   8.7724
   9.8137
  10.6448
  10.4113
  10.9510
  14.5255
  13.9476
  11.7391
   9.8687
  10.3692
  10.0806
   9.7552
   8.9453
   8.4102
   7.0354
  10.1060
  12.1340
  11.3677
   9.8661
   8.6999
   8.3606
   7.2490
   6.7274
   5.6465
   4.4735
   9.3484
  11.3419
  12.5344
  12.3422
  11.1907
   8.1889
   9.2344
  10.1169
   9.8904
  10.2337
  13.0551
  12.7140
  10.9831
   9.7365
  10.0375
   9.2779
   8.7407
   8.3880
   8.3712
   7.1120
   9.8906
  11.6536
  10.7652
   9.5447
   8.7437
   8.4243
   7.2722
   7.1481
   7.1876
   7.9248
  10.7316
  12.1161
  12.6970
  11.9636
  10.7861
   7.8109
   8.5124
   9.3064
   9.3855
   9.6484
  11.9837
  11.7792
  10.6176
   9.6829
   9.8695
   8.9781
   8.4901
   8.3714
   8.6503
   7.2968
   8.0657
   9.2310
   8.3899
   7.4538
   6.7834
   6.3329
   5.8196
   5.6489
   5.8028
   6.6818
  10.3172
  11.5594
  11.7658
  11.0319
  10.0989
  10.6423
  10.7034
  10.9214
  10.3758
   8.8853
  10.5980
  11.7227
  11.4634
  10.8198
   9.1897
   8.2001
   7.6240
   7.5382
   7.9829
   6.4277
   7.3021
   8.4504
   7.8612
   7.2013
   6.6388
   6.1424
   5.5620
   5.4333
   5.7485
   6.7689
  10.3045
  11.1588
  11.0488
  10.5078
   9.9092
  10.5085
  10.5478
  11.1575
  11.6632
  11.8582
  12.0843
  12.2921
  11.7747
  10.8202
   8.9848
   7.8095
   7.1204
   7.1106
   7.6996
   6.1444
   6.7599
   7.9928
   7.6836
   7.2436
   6.7768
   6.2848
   5.6768
   5.5535
   5.9519
   6.9672
  10.1917
  10.6242
  10.4345
  10.0788
   9.6678
  10.3145
  10.2404
  10.6368
  11.1465
  11.4435
  11.7362
  11.9339
  11.4560
  10.3593
   8.4301
   7.1152
   6.2340
   5.8749
   5.7885
   2.9353
   4.7084
   6.8025
   7.1144
   6.9818
   6.5804
   6.0497
   5.3925
   5.2760
   5.6987
   6.5573
   9.4543
   9.7629
   9.7484
   9.6317
   9.4549
  10.2640
  10.1127
  10.2214
  10.6447
  11.1053
  11.4595
  11.5197
  10.9787
   9.8187
   7.9475
   6.7994
   6.2152
   6.3419
   7.1051
   5.6453
   6.0277
   7.4696
   7.4717
   7.1220
   6.5288
   5.8765
   5.1943
   5.1119
   5.4793
   6.1514
   8.9386
   9.3875
   9.6119
   9.7148
   9.7040
  10.5536
  10.2278
  10.0248
  10.2827
  10.8314
  11.1620
  11.0198
  10.3469
   9.1454
   7.3174
   6.2940
   5.8541
   6.0967
   6.9342
   5.4953
   7.3919
   8.3932
   8.3988
   7.9855
   7.2919
   6.5330
   4.8609
   4.4135
   4.0577
   3.5450
   6.8604
   8.0872
   8.8070
   9.1560
   9.1782
   9.0004
   8.4942
   8.1169
   8.2535
   8.8098
   8.9754
   8.7553
   8.0896
   7.0742
   6.0043
   5.2195
   4.9522
   5.2749
   6.1144
   4.2514
   7.0480
   7.9559
   7.9273
   7.5141
   6.8615
   6.2110
   4.7364
   4.6336
   4.9359
   5.5927
   7.9526
   8.6136
   9.0273
   9.1499
   8.9358
   8.5634
   7.9837
   7.6166
   7.7172
   8.2189
   8.4135
   8.2535
   7.7199
   6.9624
   6.1527
   5.5262
   5.2990
   5.5343
   6.1901
   4.1468
   6.7375
   7.4478
   7.2509
   6.7189
   5.9945
   5.3401
   3.9409
   3.9796
   4.4362
   5.1835
   7.5393
   8.1631
   8.5009
   8.4853
   8.1173
   7.6302
   6.9594
   6.3967
   5.9643
   5.4059
   6.1497
   6.6523
   6.5263
   6.0813
   5.4797
   4.9228
   4.6611
   4.7464
   5.1701
   2.9385
   5.3976
   6.0401
   5.8509
   5.4203
   4.8414
   4.3423
   3.1224
   3.3451
   3.9250
   4.6834
   6.9421
   7.4368
   7.6716
   7.6283
   7.3449
   7.0685
   6.6985
   6.4826
   6.4744
   6.6463
   6.7072
   6.7453
   6.5456
   6.1605
   5.6216
   5.0609
   4.7456
   4.7193
   5.0139
   2.6735
   5.0952
   5.7470
   5.6084
   5.2966
   4.8616
   4.4701
   3.2993
   3.4939
   3.9563
   4.5242
   6.5275
   6.7205
   6.6582
   6.3841
   5.9848
   5.7314
   5.4847
   5.3982
   5.4938
   5.7534
   5.9293
   6.1577
   6.1489
   5.8937
   5.4333
   4.8707
   4.4226
   4.1178
   3.9633
   0.8936
[ CPUDoubleType{2100,1} ]
