-3.0267e+00
-4.0861e+00
-4.1092e+00
-4.1386e+00
-4.1429e+00
-4.1262e+00
-3.2353e+00
-3.2536e+00
-3.0925e+00
-2.6917e+00
-2.4656e+00
 1.6524e+00
 1.1096e+00
 5.3595e-01
 4.7306e-01
 1.3158e+00
 2.7849e-01
-3.6361e-01
 2.3007e-02
 4.1500e-01
 1.1087e+00
 1.5942e+00
 1.7053e+00
 2.5406e+00
 7.0569e+00
 1.0892e+01
 4.8581e+00
 4.1489e+00
 6.7784e+00
 5.5792e+00
-2.3455e+00
-4.1417e+00
-4.1907e+00
-4.2237e+00
-4.2294e+00
-4.2081e+00
-3.2919e+00
-3.2727e+00
-3.0756e+00
-2.6864e+00
-2.5011e+00
 1.5501e+00
 8.9800e-01
 1.8217e-01
 1.1265e-01
 1.2812e+00
 6.7322e-01
-5.2418e-02
 4.0245e-01
 9.1429e-01
 1.7079e+00
 1.8861e+00
 1.3526e+00
 9.7003e-01
 2.8843e+00
 8.6484e+00
 4.0864e+00
 4.2695e+00
 6.6956e+00
 4.9073e+00
-2.5156e+00
-4.2004e+00
-4.2650e+00
-4.2953e+00
-4.3037e+00
-4.3066e+00
-3.4079e+00
-3.3671e+00
-3.1557e+00
-2.9495e+00
-2.7738e+00
 1.3411e+00
 6.6007e-01
-1.0311e-01
-7.0463e-02
 1.5376e+00
 1.0681e+00
 9.2956e-02
 1.0407e+00
 1.7926e+00
 2.5798e+00
 2.1716e+00
 8.1028e-01
-6.0323e-02
 1.4557e+00
 8.3447e+00
 5.1196e+00
 4.2640e+00
 6.7460e+00
 4.5771e+00
-1.0467e+00
-3.3125e+00
-3.3636e+00
-3.2172e+00
-2.2933e+00
-1.6734e+00
-1.9788e+00
-2.0796e+00
-1.2742e+00
-1.1861e+00
-1.8478e+00
 1.5224e+00
 8.6293e-01
 9.2486e-02
 1.6433e-01
 1.7622e+00
 8.6897e-01
-3.5605e-01
 1.3152e+00
 2.6450e+00
 3.2788e+00
 2.7640e+00
 1.1699e+00
-4.2258e-02
 1.4845e+00
 8.7354e+00
 7.2297e+00
 5.1721e+00
 6.8332e+00
 4.4055e+00
-9.6984e-01
-3.2862e+00
-3.4672e+00
-3.5690e+00
-3.1836e+00
-2.1923e+00
-2.2828e+00
-2.1896e+00
-1.3882e+00
-1.4782e+00
-2.1433e+00
 1.2298e+00
 6.3411e-01
 9.8660e-02
 5.8253e-01
 1.8541e+00
-1.3316e-01
-1.4851e+00
 8.2837e-01
 2.0402e+00
 2.9845e+00
 2.8306e+00
 1.3649e+00
 7.8035e-02
 2.1645e+00
 1.1468e+01
 1.0292e+01
 6.1206e+00
 8.4698e+00
 5.2105e+00
-7.4986e-01
-3.2562e+00
-3.5796e+00
-3.7547e+00
-3.4179e+00
-2.1519e+00
-1.9247e+00
-2.0400e+00
-1.3066e+00
-1.6439e+00
-2.3525e+00
 1.0776e+00
 6.6466e-01
 5.0579e-01
 1.9036e+00
 3.8519e+00
 1.5046e-01
-1.1954e+00
 1.2813e+00
 1.8597e+00
 2.6699e+00
 2.7194e+00
 1.7662e+00
 6.1291e-01
 3.2318e+00
 1.2327e+01
 9.1593e+00
 2.9491e+00
 7.1138e+00
 5.0922e+00
-6.6570e-01
-3.1710e+00
-3.4985e+00
-3.6946e+00
-3.2945e+00
-1.6060e+00
-9.0339e-01
-1.3714e+00
-1.0889e+00
-1.7938e+00
-2.4546e+00
 1.1306e+00
 9.1634e-01
 9.3386e-01
 3.2218e+00
 6.5895e+00
 1.7957e+00
-1.8270e-01
 1.5441e+00
 1.3824e+00
 2.2219e+00
 2.7264e+00
 2.4756e+00
 2.5740e+00
 7.8187e+00
 1.6711e+01
 9.2539e+00
 1.4791e+00
 6.7387e+00
 4.5903e+00
-1.2683e+00
-3.1079e+00
-3.3712e+00
-3.5441e+00
-2.9849e+00
-8.0143e-01
 9.0709e-04
-1.0930e+00
-8.9266e-01
-1.7078e+00
-2.4058e+00
 1.2570e+00
 9.5946e-01
 8.8518e-01
 4.1563e+00
 8.6681e+00
 4.0431e+00
 1.3222e+00
 3.5104e-01
 1.8962e-01
 1.8850e+00
 3.1556e+00
 4.0401e+00
 5.9263e+00
 1.6141e+01
 3.0391e+01
 1.7000e+01
 8.0937e+00
 1.1184e+01
 4.1545e+00
-1.0006e+00
-3.0566e+00
-3.2360e+00
-3.3979e+00
-2.7485e+00
-6.1980e-01
-2.3834e-01
-1.9823e+00
-1.5460e+00
-1.8632e+00
-2.5561e+00
 8.7843e-01
 8.3446e-01
 1.5725e+00
 6.0796e+00
 1.1622e+01
 6.4694e+00
 2.1272e+00
-1.2073e+00
-1.2324e+00
 1.8305e+00
 4.1809e+00
 6.0240e+00
 8.6028e+00
 2.3229e+01
 4.5457e+01
 2.8729e+01
 1.5945e+01
 1.3389e+01
 2.9551e+00
-5.1701e-01
-2.1100e+00
-2.1697e+00
-2.1311e+00
-1.0188e+00
 8.3970e-01
 2.9605e-01
-1.5036e+00
-1.1087e+00
-2.1858e+00
-2.4238e+00
 1.1759e+00
 2.3564e+00
 3.6687e+00
 9.2436e+00
 1.4884e+01
 7.9424e+00
 5.7730e-01
-3.1013e+00
-1.9591e+00
 2.7837e+00
 5.5018e+00
 6.4783e+00
 8.1680e+00
 2.6902e+01
 5.4111e+01
 3.7112e+01
 2.0762e+01
 6.7370e+00
-1.9320e+00
-1.2641e+00
-2.0575e+00
-1.9123e+00
-1.5720e+00
 4.6702e-01
 3.1805e+00
 1.2266e+00
-1.1412e+00
-1.7194e+00
-1.6932e+00
 2.9129e-01
 4.0404e+00
 4.7378e+00
 6.0274e+00
 1.2431e+01
 1.5963e+01
 6.9326e+00
-2.3764e+00
-4.1119e+00
-2.5950e-01
 2.8348e+00
 3.3579e+00
 4.4645e+00
 9.0787e+00
 3.2418e+01
 6.1612e+01
 3.8726e+01
 1.6335e+01
-2.8536e+00
-6.7837e+00
-1.9052e+00
-1.9281e+00
-1.6492e+00
-1.2446e+00
 1.5332e+00
 5.6076e+00
 2.6846e+00
-8.5405e-01
 3.2729e-01
 1.1173e-01
 5.8504e-01
 3.8846e+00
 4.5192e+00
 6.3854e+00
 1.4624e+01
 1.3224e+01
 2.6474e+00
-3.5527e+00
-3.1617e+00
-1.6475e+00
-6.9666e-01
 5.0120e+00
 1.1050e+01
 1.7446e+01
 4.4846e+01
 7.3778e+01
 4.1487e+01
 7.7411e+00
-8.1215e+00
-8.1862e+00
-2.0526e+00
-1.8829e+00
-1.8851e+00
-1.7475e+00
 1.5988e+00
 6.1494e+00
 2.7348e+00
-4.2758e-01
-4.1079e-01
-1.3471e+00
 3.2019e-01
 3.9938e+00
 4.2073e+00
 6.1691e+00
 1.5854e+01
 8.3727e+00
 1.7015e+00
-5.3070e+00
-5.7709e+00
-3.2833e-01
 1.1336e+01
 1.7574e+01
 2.1071e+01
 2.7140e+01
 5.8580e+01
 7.7806e+01
 3.5883e+01
-4.2998e+00
-9.4214e+00
-1.7583e+00
-1.4302e+00
-2.5537e+00
-2.5300e+00
-1.9532e+00
 2.0917e+00
 6.5984e+00
 1.7697e+00
-5.3902e-01
-2.9559e+00
-3.8598e+00
-9.7555e-01
 2.9734e+00
 3.2844e+00
 5.2770e+00
 1.4528e+01
 4.3084e+00
-2.9294e+00
-1.2257e+01
 6.9987e-01
 7.7531e+00
 1.1944e+01
 1.6002e+01
 1.9355e+01
 2.8941e+01
 7.1289e+01
 7.1441e+01
 2.2879e+01
-1.2549e+01
-6.6016e+00
 9.3378e+00
-1.1804e+00
-9.0729e-01
 1.9042e-01
 1.0914e+00
 5.7244e+00
 1.0004e+01
 3.1297e+00
-1.3162e+00
-2.1668e+00
-2.0698e+00
 6.0071e-01
 1.7745e+00
 1.5637e+00
 2.7819e+00
 8.7536e+00
-2.2332e-02
-1.3796e+01
-1.4141e+01
 2.4204e+00
 3.1783e+00
 1.0713e+01
 1.6313e+01
 1.8200e+01
 2.9703e+01
 8.2015e+01
 5.6509e+01
 3.0006e+01
-8.1775e+00
-3.6616e-01
-4.8997e-01
 1.6987e+00
 1.4385e+00
 2.0458e+00
 3.0446e+00
 8.5785e+00
 9.8164e+00
-2.6983e+00
-4.0819e+00
 1.8933e+00
 1.9307e+00
-5.4111e-01
 1.8755e+00
 2.2243e+00
 2.5219e+00
 2.5633e+00
-9.1993e+00
-1.9242e+01
-1.1157e+01
-5.2202e+00
-6.3369e+00
 4.4093e+00
 1.1291e+01
 1.4836e+01
 2.8300e+01
 8.1949e+01
 4.7531e+01
 2.5082e+01
-1.0254e+01
-4.9345e+00
-2.3149e+00
 2.0296e+00
 9.0046e-01
 1.1342e+00
 3.2764e+00
 1.1234e+01
 5.7735e+00
-9.6500e+00
-8.1048e+00
 4.3028e-01
 7.1966e+00
 7.6033e-01
 3.2735e+00
 3.1791e+00
 1.8286e+00
-8.1956e+00
-1.1165e+01
-1.0901e+01
-2.5337e+01
-2.0205e+01
-6.6457e+00
 4.8885e+00
 8.4316e+00
 1.1307e+01
 2.3373e+01
 6.6048e+01
 4.7740e+01
-1.1516e+00
-2.3129e+01
-1.0185e+01
-3.8327e+00
 8.5151e-01
 9.8688e-01
 1.2288e+00
 3.6299e+00
 1.3598e+01
-9.1129e-01
-4.3137e+00
-7.9498e-01
 1.9882e+00
 2.3435e+00
 4.9634e+00
 5.7362e+00
 5.1662e+00
 3.1689e+00
-7.5298e+00
 7.2745e+00
-1.0247e+01
-1.5782e+01
-2.3061e+00
 3.4489e+00
 8.7170e+00
 1.1410e+01
 1.5432e+01
 2.5164e+01
 4.6884e+01
 3.1097e+01
 1.6456e+01
-3.9805e+00
-7.2523e+00
-5.3704e+00
-1.3662e-02
 1.9779e-02
 1.1776e+00
 4.3159e+00
 1.2165e+01
-5.8978e+00
-1.0140e+01
-6.2206e+00
-5.2286e+00
 2.2275e-01
 7.0691e+00
 3.7456e+00
 2.9538e+00
 3.8276e+00
-1.3400e+00
 2.1361e+01
-1.6564e-02
 1.6909e+01
 2.6903e+01
 2.0959e+01
 1.4956e+01
 1.7464e+01
 2.0377e+01
 2.2891e+01
-8.6775e-01
 3.7807e+01
 1.1291e+02
 4.1926e+01
-7.9797e+00
-1.1926e+01
-2.8183e-01
-1.6842e+00
 7.2123e-01
 5.3387e+00
 6.4692e+00
-1.1218e+01
-1.2329e+01
-9.5078e+00
 4.4944e-01
 8.1009e+00
 2.6860e+00
 3.5412e-01
 6.0132e-01
-4.1286e+00
-3.3743e+00
 1.8851e+01
 4.2213e+01
 4.9246e+01
 4.1707e+01
 2.5349e+01
 2.0037e+01
 2.6558e+01
 3.0715e+01
 2.7917e+01
-1.2551e+00
 1.4499e+02
 2.0219e+02
 8.0904e+01
 4.1075e+01
 9.6815e+00
 2.6476e+00
-2.0086e+00
-3.2809e+00
-2.9055e-02
 3.1150e-01
-3.0237e+00
 8.2715e+00
 9.6347e+00
-2.8950e-01
 1.9686e+01
 3.2574e+00
-1.9708e+00
 3.9266e-01
-6.9206e+00
-2.2578e+00
 3.3401e+01
-1.2300e+01
-1.2201e+01
 2.2749e+01
 2.5084e+01
 1.8742e+01
 1.8358e+01
 2.5415e+01
 3.2157e+01
 2.8336e+01
 2.7083e+02
 3.1736e+02
 2.0410e+02
 1.1443e+02
 3.5704e+01
-6.9193e+00
-4.4481e+00
-1.5897e+00
-1.1072e+00
-2.1255e+01
-9.9837e+00
 1.0965e+01
 2.0645e+01
-4.7079e+01
-1.0061e+01
 1.3375e+01
 1.5624e+00
 2.5671e+00
-6.4577e-01
 8.5686e-01
 5.0445e+01
-6.1404e+01
-4.0070e+01
 1.3875e+01
 2.5414e+01
 5.7313e+00
 3.8389e+00
 3.6157e+00
-2.3656e+01
 8.5741e+00
 3.4326e+02
 4.4311e+02
 2.5067e+02
 2.1573e+02
 7.7287e+01
 1.3499e+01
 1.1340e+00
-4.2891e-01
-1.3523e+00
-1.1679e+01
-6.5473e+00
-1.4605e+01
-4.4544e+01
 4.8350e+01
 4.1894e+01
 1.4489e+01
 3.1311e+00
-1.0914e+00
 7.8004e-01
 5.2552e+00
 9.1347e+01
-3.1648e+01
-1.8624e+01
-8.9730e+00
 1.0913e+01
-1.6592e+01
-1.0885e+01
-1.0931e+01
-6.1036e+01
 3.5005e+01
 4.7630e+02
 2.8465e+02
 3.2823e+01
 1.0483e+02
 7.9727e+01
 1.9703e+01
 3.9026e+00
 3.4970e+00
 2.1814e+00
-1.2178e+01
 2.2091e+01
-1.3493e+01
-4.8248e+01
 1.2120e+02
 7.9166e+01
-3.1183e+01
-3.9371e+00
 6.2163e+00
-5.6362e+00
-5.0091e+01
 6.8098e+01
-3.1937e+01
-4.7393e+01
-5.3919e+01
-1.5494e+01
-1.2026e+01
-2.0802e+00
-1.2537e+00
-4.9484e+01
 1.2482e+02
 6.9360e+02
-8.2251e+01
-1.5870e+02
 5.1036e+01
 1.1378e+02
 1.8305e+01
-4.9412e+00
-7.2752e+00
-1.5839e+01
-2.2840e+01
 1.5476e+01
 1.4123e+01
 1.9458e+02
 4.8257e+02
 1.3598e+02
 2.4663e+01
 2.1022e+00
-2.5542e+00
 7.8433e-01
 2.5201e+01
 2.7096e+01
-4.5231e+01
-2.8798e+01
 8.9168e+00
 2.7276e+01
 1.6421e+01
 1.3530e+01
-1.1558e+00
-2.9884e+01
 1.3395e+02
 6.5426e+02
-1.3875e+02
-1.1813e+02
 1.1974e+01
 1.3204e+02
 2.1141e+01
-8.7956e+00
-1.4491e+01
-3.5416e+01
-3.3892e+01
 5.3126e+01
 9.8259e+01
 1.7735e+02
 5.1971e+01
-3.9984e+01
-9.7340e-01
-5.7243e-01
 8.1762e-01
-3.5482e+00
-1.0154e+01
 5.2951e+01
 1.0192e+01
 1.5464e+01
 4.8453e+01
 4.7720e+01
 1.9048e+01
 2.2425e+01
 6.3952e+00
-3.5729e+01
 8.6245e+01
 5.0445e+02
-2.8048e+01
-5.1730e+01
-2.5892e+01
 1.0197e+02
 1.5368e+01
-1.0536e+01
-1.7718e+01
-3.3577e+01
 1.3515e+01
 1.8121e+02
 2.5040e+01
-5.1248e+01
-1.7631e+01
 1.5711e+00
 3.4737e+00
 7.2375e+00
 5.8677e+00
 7.2324e+00
 1.0142e+01
 4.4675e+00
-3.6267e+01
 2.5819e+01
 9.4778e+01
 2.1252e+01
 2.3246e+01
 1.9787e+01
 1.2081e+01
-2.2839e+01
 8.0923e+01
 4.0683e+02
 1.0770e+01
-2.3447e+01
-1.0929e+01
 4.7506e+01
 4.3120e+00
-1.1041e+01
-1.6165e+01
-9.5471e+00
 5.1725e+01
 1.4762e+02
-5.9925e+01
-5.8534e+01
 3.2093e-01
 2.6767e+01
 6.4756e+00
 5.3416e+00
 5.6057e+00
 1.7183e+00
 7.5664e+00
-1.0141e+01
 5.4734e+00
 1.9990e+01
-3.8091e+00
-1.8871e+01
-5.5327e+00
-3.6939e+00
 1.4951e-02
-3.0047e+01
 6.0851e+01
 2.0273e+02
-6.3436e+01
-8.1240e+00
 6.9491e+00
 8.0848e+00
-2.3997e+00
-4.2945e+00
-1.1059e-01
 7.4033e+00
 3.5344e+01
 9.4040e+01
-3.4099e+01
-1.7117e+01
-5.1419e+00
 1.9184e+01
 4.0657e+00
-1.1319e+00
-3.3206e-01
 9.7236e-01
 2.8324e+00
 1.5663e+01
 1.7372e+01
-3.7141e+00
-8.1170e+00
-1.8769e+00
 1.2752e+01
 1.9598e+01
 5.9529e+00
 5.4046e+00
 1.0422e+02
 9.7222e+01
 2.0117e+00
-2.1666e+01
 6.6617e+00
-1.2198e+00
 1.5077e-01
 2.0672e+00
 1.0157e+01
 7.5525e+00
 1.3924e+01
 6.6841e+01
-1.4406e+01
-9.9592e+00
-6.1165e+00
 7.4803e+00
 3.3097e-02
-3.0942e+00
-9.4496e-01
-2.8671e-01
 4.5753e+00
 3.9929e+00
-6.9274e+00
-7.9603e+00
-2.2044e+00
-1.3597e+00
 3.7194e+00
 1.4045e+01
 2.3553e+00
-3.2686e+01
 4.8725e+01
-5.5265e+01
 8.9749e+00
-2.0528e+00
-2.3940e+00
 1.0970e+01
-9.0198e-01
 1.9760e+00
 1.1322e+01
 2.2339e-01
 5.6027e+00
 2.7992e+01
-2.2169e+01
-7.1446e+00
-2.8029e+00
-5.7426e-01
-9.1713e-01
-1.2060e+00
-2.3892e+00
 3.3789e+00
 3.9568e-01
-9.5845e-01
-8.5016e+00
-2.1362e+00
 1.1366e+00
 2.4207e+00
 4.1653e+00
-5.4151e-01
 2.8960e+00
 5.1086e+00
 1.5113e+01
 5.0072e+00
-1.5227e+01
-1.0844e+01
 9.2155e+00
 1.0072e+01
 5.3601e+00
 1.1688e+01
 1.2035e+01
 5.0077e+00
 1.8284e+01
 1.6459e+01
-1.1302e+00
-8.0267e+00
-4.7990e-01
 2.4933e-01
 1.0330e+00
 1.6096e+00
 1.1445e+00
 3.4985e+00
-2.0583e+00
-2.7451e+00
-6.2146e+00
-2.4875e+00
 1.1214e+00
 3.2866e+00
-1.8239e+00
-4.7781e+00
 2.2066e+00
-1.6087e+00
-7.1183e-01
 2.4953e+00
-1.8445e+01
-1.7858e+01
 6.9392e+00
 1.3806e+01
 6.0245e+00
 9.7585e+00
 8.7527e+00
-1.4253e+00
 9.9782e+00
-1.2604e+01
 1.3514e+00
-1.0081e+00
-5.5340e-01
 3.0514e+00
 1.2609e+00
 1.6301e+00
 2.2113e+00
 2.6350e+00
-1.3922e+00
-2.7967e-01
-3.1671e+00
-1.4821e+00
 2.2137e-01
 1.3053e+00
 1.2783e+00
 1.6311e+00
-1.0759e+01
 6.3125e+00
-2.5721e+00
 9.0066e+00
-1.0446e+01
-9.5842e+00
 5.5642e+00
 1.7755e+01
 6.3791e+00
 6.0942e+00
 7.6637e+00
 6.6285e+00
 5.5190e+00
 2.6814e+00
-3.0551e+00
-2.0474e+00
 1.9857e+00
 1.8851e+00
 2.6159e+00
 3.8856e+00
 3.2011e+00
 3.9674e+00
 2.3355e-01
 1.7372e+00
-1.7678e+00
-4.9058e-01
 1.8703e+00
 4.0384e+00
 6.7543e+00
 4.8552e+00
-6.6620e+00
 3.4783e+00
-2.1890e+00
 7.6295e+00
-8.5435e+00
-6.4379e+00
 4.7169e+00
 1.2351e+01
 3.1062e+00
 2.9071e+00
 5.8250e+00
 4.1429e+00
 2.4150e+00
 2.4081e+00
-3.3654e+00
-3.0371e+00
 1.8442e+00
 2.7666e+00
 2.6295e+00
 3.4825e+00
 2.6092e+00
 3.0530e+00
 2.2555e+00
 2.6683e+00
-6.7924e-01
 7.1918e-01
 1.7359e+00
 2.6307e+00
 2.5284e+00
-7.0644e-01
-9.2212e+00
-4.4648e-01
-4.3244e+00
 5.8313e+00
-1.0779e+01
-4.4192e+00
 4.6531e+00
 1.0630e+01
 1.3783e+00
 3.6301e+00
 2.1361e+00
 4.6310e+00
 1.2835e+00
 3.5690e+00
-1.0738e+00
-1.0472e+00
 1.6335e+00
 3.5220e+00
 1.5602e+00
 1.9860e+00
 2.0714e+00
 1.6103e+00
 4.7641e+00
 4.9991e+00
 7.4206e-01
 7.3893e-01
 1.6931e+00
 1.6491e+00
 6.4399e+00
 4.9477e+00
-5.0531e+00
 5.0380e+00
-5.8518e+00
 2.9857e+00
-1.2044e+01
-3.4464e+00
 5.9359e+00
 9.0548e+00
 4.1746e+00
 4.6969e+00
 3.0157e+00
 3.3924e+00
 8.3403e-01
 2.8780e+00
-5.9812e-01
 2.4248e-01
 2.0002e+00
 3.1238e+00
 2.2845e+00
 1.5874e+00
 2.7206e+00
 1.6224e+00
 4.9421e+00
 5.3883e+00
 9.7775e-01
 1.5269e+00
 2.9552e+00
 2.4489e+00
 5.6912e+00
 4.2420e+00
-4.6949e+00
-1.4337e+00
-9.5789e-01
 2.6355e+00
-1.0945e+01
-2.7879e+00
 3.6413e+00
 7.3953e+00
 2.6669e+00
 2.6686e+00
 1.8072e+00
 1.9541e+00
-6.9331e-01
 1.4125e+00
-2.0346e+00
-3.1185e-01
 9.6774e-01
 1.9394e+00
 3.0489e+00
 1.9742e+00
 1.5285e+00
 1.6559e+00
 2.5744e+00
 9.3061e+00
 2.2291e+00
 6.4518e-01
 1.4148e+00
 1.6728e+00
 5.4245e+00
 1.6735e+00
-2.3756e+00
-6.9683e+00
 5.3226e+00
 3.3246e+00
-1.0492e+01
-5.5040e+00
 4.7071e+00
 9.2933e+00
 3.6821e+00
 3.3956e+00
 1.8204e+00
 2.8282e+00
-8.1501e-01
 6.7144e-01
-2.2736e+00
-1.5941e-01
 1.1451e+00
 2.1843e+00
 4.7721e+00
 5.4493e+00
 3.5060e+00
 4.9870e-01
 1.6038e+00
 8.4030e+00
 3.0142e+00
 2.3602e+00
 1.1987e+00
 1.3397e+00
 1.0535e+01
 8.7143e+00
 8.2537e+00
 6.2126e-02
 1.1295e+01
 7.9236e+00
-8.0931e+00
-4.4978e+00
 4.9884e+00
 8.9906e+00
 3.0935e+00
 2.6949e+00
 1.7398e+00
 1.8456e+00
 6.9246e-01
 8.2310e-01
-2.7202e+00
-1.5690e-01
 8.3557e-01
 1.4007e+00
 3.7641e+00
 3.2049e+00
 2.1048e+00
 7.5539e-01
-4.0137e-01
 2.8177e+00
 3.4221e+00
 2.6371e+00
 1.4882e+00
 5.7459e-03
 1.4826e+01
 6.9503e+00
 7.3294e+00
 2.8936e+00
 3.9160e+00
 2.6101e+01
-3.5924e+00
-2.3189e+00
 5.6481e+00
 8.2226e+00
 2.7026e+00
 1.5900e+00
 1.3538e+00
 3.7336e-01
 2.9285e+00
 2.2480e+00
-1.8672e+00
-1.6535e+00
 2.8048e-01
 1.0835e+00
 3.8853e+00
 2.6237e+00
 5.9507e-01
 5.1380e-01
 6.6960e-02
 2.6810e-01
 2.7968e+00
 3.4650e+00
 3.5700e+00
 6.2405e+00
 2.3375e+01
 1.6400e+01
 1.3085e+01
 4.1474e+00
 3.0582e+00
 2.5776e+01
-1.4574e-01
 6.6752e-01
 3.9112e+00
 5.2735e+00
 2.9127e+00
 2.7858e+00
 3.4641e+00
 1.9479e+00
 4.3776e+00
 3.7819e+00
 3.6667e-01
 1.0494e+00
 1.9852e+00
 2.4724e+00
 5.6122e+00
 1.4443e+00
 2.2394e+00
 2.1218e+00
 3.7855e-01
 1.2398e+00
 5.7917e-01
 4.6780e+00
 3.8973e+00
 4.5999e+00
 2.2672e+01
 9.8427e+00
 1.6765e+00
 2.7628e+00
 3.9424e+00
 6.8419e+00
 3.7095e+00
-5.6491e-01
 2.9003e+00
 2.8960e+00
 2.6083e+00
 1.6578e+00
 2.3355e+00
 1.6800e+00
 2.1267e+00
 6.9404e+00
 9.8677e-01
 2.1069e+00
 4.5228e+00
 5.8926e+00
 7.9943e+00
 3.5600e+00
 3.2995e+00
 3.7718e+00
 4.9710e+00
 5.3880e+00
 3.2968e+00
 7.3245e-01
 1.3571e+00
 4.8666e-01
 2.0669e+01
 7.6614e+00
 3.2300e-02
 1.1052e+00
 2.7807e+00
-6.7705e-01
-1.2997e+00
-2.5464e+00
 3.2396e+00
 3.4623e+00
 4.6858e+00
 3.6417e+00
 3.3892e+00
 1.8016e+00
 1.5196e+00
 6.0755e+00
 1.7391e+00
 2.9462e+00
 5.2778e+00
 8.1652e+00
 5.3178e+00
 4.4489e+00
 6.0740e+00
 7.1629e+00
 7.1029e+00
 5.2890e+00
 5.8728e+00
 4.3675e+00
 7.7942e-01
 7.8282e-01
 2.1031e+01
 1.2041e+00
 1.6974e+00
 3.3796e+00
 1.1646e+00
 1.2570e+00
 3.9823e-01
 4.4223e+00
 4.8294e+00
 4.5286e+00
 4.8419e+00
 2.4534e+00
 1.0879e+00
 2.0020e+00
 2.6933e+00
 3.0480e+00
 3.1055e+00
 3.5393e+00
 5.6035e+00
 4.6202e+00
 7.2448e+00
 6.5623e+00
 4.5499e+00
 4.5248e+00
 6.1627e+00
 5.4676e+00
 7.5200e+00
 1.0232e+01
 8.8083e+00
 9.5242e+00
 2.1564e+01
 2.3055e+00
 2.7779e+00
 5.4146e+00
 7.8761e+00
 3.5002e+00
 2.0353e+00
 4.9054e-01
 3.6819e+00
 2.8359e+00
 4.4672e+00
 2.6053e+00
 1.5504e+00
 1.9830e+00
 2.2960e+00
 1.6801e+00
 3.6676e+00
 3.7070e+00
 6.0532e+00
 5.7258e+00
 8.2682e+00
 8.6254e+00
 6.3966e+00
 4.8729e+00
 4.1217e+00
 2.6097e+00
 5.7747e+00
 1.0939e+01
 1.3507e+01
 2.2643e+01
 1.0775e+01
 2.4373e+00
 3.8271e+00
 4.9702e+00
 3.4022e+00
 5.9921e+00
 1.0604e+01
 8.9215e+00
 8.0463e+00
 2.4464e+00
 4.5808e+00
 1.1470e+00
 1.1992e+00
 1.8750e+00
 2.4198e+00
 3.8215e+00
 3.8535e+00
 5.2951e+00
 5.2212e+00
 6.6728e+00
 7.7959e+00
 7.2303e+00
 6.3118e+00
 6.8937e+00
 7.6786e+00
 5.8137e+00
 6.8760e+00
 1.4426e+01
 1.9296e+01
 1.2568e+01
 2.8366e+01
 2.3713e+01
 9.7666e+00
 4.0528e+00
 6.1492e+00
 7.6813e+00
 1.1686e+01
 1.7458e+01
 7.1150e+00
 2.8351e+00
 4.1439e+00
 9.0324e-01
 1.0209e+00
 2.4423e+00
 4.7348e+00
 3.6679e+00
 3.7907e+00
 4.8884e+00
 5.6477e+00
 6.1040e+00
 7.6440e+00
 8.3148e+00
 9.7087e+00
 7.6277e+00
 5.9286e+00
 5.6346e+00
 1.3889e+01
 1.5451e+01
 1.9319e+01
 1.5240e+01
 2.9857e+01
 3.1856e+01
 1.8475e+01
 8.9353e+00
 4.1673e+00
 3.8356e+00
 1.1208e+01
 2.1174e+01
 9.4784e+00
 4.8655e+00
 2.8208e+00
 1.9524e+00
 2.6360e+00
 4.4332e+00
 4.7549e+00
 5.0152e+00
 6.8225e+00
 8.0841e+00
 8.7275e+00
 8.9137e+00
 8.7129e+00
 6.8152e+00
 5.9652e+00
 4.9927e+00
 8.5542e+00
 1.4572e+01
 1.3379e+01
 1.6942e+01
 1.4545e+01
 1.9225e+01
 2.3595e+01
 2.1490e+01
 1.5108e+01
 1.0152e+01
 1.0397e+01
 7.6600e+00
 7.6574e+00
 1.6295e+01
 1.3259e+01
 3.2373e+00
 7.0100e+00
 6.6863e+00
 4.8308e+00
 4.5595e+00
 4.7667e+00
 4.7252e+00
 7.7967e+00
 1.0181e+01
 8.4076e+00
 7.8528e+00
 7.1377e+00
 5.2970e+00
 4.6496e+00
 6.9237e+00
 1.4260e+01
 1.2388e+01
 1.2005e+01
 1.8630e+01
 1.7871e+01
 1.7663e+01
 1.9378e+01
 1.4749e+01
 1.6276e+01
 9.7063e+00
 1.1132e+01
 9.7332e+00
 9.7499e+00
 1.2052e+01
 1.1700e+01
 2.4815e+00
 6.6972e+00
 8.9148e+00
 7.3333e+00
 4.9945e+00
 3.4974e+00
 3.9229e+00
 8.4236e+00
 1.0828e+01
 7.7412e+00
 6.4175e+00
 5.9937e+00
 4.7427e+00
 6.2645e+00
 1.2606e+01
 1.4346e+01
 1.0939e+01
 1.1594e+01
 1.8859e+01
 1.9482e+01
 1.8543e+01
 1.7787e+01
 1.2483e+01
 1.3357e+01
 8.9307e+00
 1.1497e+01
 1.1030e+01
 9.7929e+00
 1.1415e+01
 9.3760e+00
 3.6063e+00
 6.5012e+00
 7.9830e+00
 6.7954e+00
 5.0909e+00
 4.3217e+00
 4.8686e+00
 7.6510e+00
 8.4043e+00
 7.0288e+00
 5.3199e+00
 4.8834e+00
 5.6893e+00
 1.0215e+01
 1.3910e+01
 1.1938e+01
 7.9824e+00
 1.4826e+01
 1.9361e+01
 1.7618e+01
 1.5086e+01
 1.7390e+01
 1.2380e+01
 1.1533e+01
 8.2388e+00
 1.1800e+01
 1.0005e+01
 8.9058e+00
 1.1123e+01
 9.5342e+00
 5.0445e+00
 6.3080e+00
 6.2600e+00
 6.3394e+00
 4.8175e+00
 4.8460e+00
 5.6193e+00
 6.8905e+00
 6.5570e+00
 5.9295e+00
 5.0989e+00
 5.3545e+00
 8.1705e+00
 1.3347e+01
 1.0973e+01
 7.8539e+00
 7.9458e+00
 1.7728e+01
 1.8323e+01
 1.4580e+01
 1.3049e+01
 1.6767e+01
 1.2031e+01
 1.0439e+01
 8.6399e+00
 1.1494e+01
 9.1733e+00
 8.4892e+00
 1.0571e+01
 9.9115e+00
 6.7160e+00
 6.0517e+00
 5.3897e+00
 5.6602e+00
 4.9186e+00
 5.0557e+00
 5.1123e+00
 5.9394e+00
 5.7004e+00
 5.2709e+00
 5.2363e+00
 7.0601e+00
 1.1002e+01
 1.1067e+01
 7.6586e+00
 7.4093e+00
 1.0590e+01
 1.9356e+01
 1.4547e+01
 1.1591e+01
 1.0669e+01
 1.3517e+01
 1.1932e+01
 1.0610e+01
 8.3145e+00
 1.0315e+01
 8.5215e+00
 9.0870e+00
 1.0258e+01
 9.5910e+00
 6.2865e+00
 5.8936e+00
 6.3156e+00
 6.4440e+00
 5.9452e+00
 5.8301e+00
 5.3901e+00
 4.3083e+00
 4.5190e+00
 4.5296e+00
 5.7732e+00
 1.0427e+01
 1.1629e+01
 1.0055e+01
 8.7725e+00
 1.0777e+01
 1.3213e+01
 1.6672e+01
 1.2417e+01
 1.0611e+01
 1.2788e+01
 1.5650e+01
 1.3607e+01
 1.2317e+01
 8.5823e+00
 8.0199e+00
 7.7448e+00
 8.9982e+00
 9.0408e+00
 8.2063e+00
 4.8460e+00
 5.7063e+00
 6.2809e+00
 6.2485e+00
 5.8398e+00
 5.4390e+00
 4.8756e+00
 3.9560e+00
 4.5507e+00
 5.1977e+00
 7.0165e+00
 9.7056e+00
 9.5792e+00
 9.1535e+00
 9.7418e+00
 1.2311e+01
 1.1983e+01
 1.3124e+01
 1.0877e+01
 1.0191e+01
 1.1926e+01
 1.5028e+01
 1.3527e+01
 1.0935e+01
 7.3331e+00
 7.5702e+00
 8.1520e+00
 9.5074e+00
 8.0405e+00
 7.2432e+00
 4.1925e+00
 5.0316e+00
 6.3648e+00
 6.2753e+00
 5.7106e+00
 5.1534e+00
 4.8012e+00
 4.0111e+00
 4.8484e+00
 5.8411e+00
 7.0125e+00
 8.2974e+00
 8.5644e+00
 9.4511e+00
 1.0876e+01
 1.2140e+01
 9.4798e+00
 1.0609e+01
 1.0382e+01
 1.0055e+01
 1.1324e+01
 1.4584e+01
 1.2783e+01
 9.5780e+00
 6.9088e+00
 7.8485e+00
 8.4983e+00
 8.8083e+00
 7.2129e+00
 6.5036e+00
 4.4960e+00
 5.3368e+00
 6.4722e+00
 6.2792e+00
 5.5159e+00
 5.0349e+00
 4.9585e+00
 4.2658e+00
 5.1723e+00
 6.0066e+00
 6.1620e+00
 7.5602e+00
 8.3940e+00
 9.9675e+00
 1.1252e+01
 1.0735e+01
 7.6449e+00
 9.2118e+00
 1.0259e+01
 9.8243e+00
 1.0875e+01
 1.3479e+01
 1.1783e+01
 8.7502e+00
 7.0718e+00
 8.1453e+00
 8.1275e+00
 7.8345e+00
 6.6974e+00
 6.0796e+00
 4.1335e+00
 5.2929e+00
 6.5272e+00
 6.0972e+00
 5.3931e+00
 5.1085e+00
 5.1969e+00
 4.5580e+00
 5.2210e+00
 5.5881e+00
 4.9982e+00
 6.9044e+00
 8.7204e+00
 1.0517e+01
 1.0971e+01
 9.6506e+00
 6.6875e+00
 8.3692e+00
 9.6993e+00
 9.4103e+00
 1.0176e+01
 1.2188e+01
 1.0776e+01
 8.2482e+00
 7.2860e+00
 8.0833e+00
 7.3860e+00
 6.9720e+00
 6.3724e+00
 5.8723e+00
 3.9000e+00
 5.2916e+00
 6.5043e+00
 5.8710e+00
 5.3460e+00
 5.2646e+00
 5.4144e+00
 4.6938e+00
 4.9972e+00
 5.1631e+00
 5.4217e+00
 7.6472e+00
 9.2574e+00
 1.0681e+01
 1.0248e+01
 9.0576e+00
 6.3323e+00
 7.6251e+00
 8.8871e+00
 8.9965e+00
 9.3673e+00
 1.1154e+01
 9.8458e+00
 7.9975e+00
 7.2971e+00
 7.6592e+00
 6.7488e+00
 6.3801e+00
 6.1189e+00
 5.8052e+00
 3.7848e+00
 3.6223e+00
 4.4288e+00
 3.7651e+00
 3.4563e+00
 3.4789e+00
 3.6480e+00
 3.6355e+00
 3.7571e+00
 3.9546e+00
 4.5197e+00
 7.8794e+00
 9.3962e+00
 9.9538e+00
 9.3061e+00
 8.5890e+00
 9.6042e+00
 1.0385e+01
 1.1540e+01
 1.1953e+01
 1.0786e+01
 1.0500e+01
 1.0676e+01
 9.4025e+00
 8.5657e+00
 6.8713e+00
 5.9231e+00
 5.5435e+00
 5.4330e+00
 5.3850e+00
 3.2278e+00
 3.3744e+00
 4.1922e+00
 3.6454e+00
 3.5109e+00
 3.6084e+00
 3.7555e+00
 3.6243e+00
 3.7447e+00
 4.1122e+00
 5.0001e+00
 8.4451e+00
 9.3606e+00
 9.2299e+00
 8.8442e+00
 8.6258e+00
 9.6176e+00
 1.0060e+01
 1.1086e+01
 1.1587e+01
 1.1305e+01
 1.0947e+01
 1.0359e+01
 9.3634e+00
 8.2382e+00
 6.5303e+00
 5.6267e+00
 5.1855e+00
 5.1678e+00
 5.2870e+00
 3.1159e+00
 3.1013e+00
 3.9738e+00
 3.6188e+00
 3.5858e+00
 3.7089e+00
 3.8499e+00
 3.7404e+00
 3.9600e+00
 4.5719e+00
 5.6101e+00
 8.6784e+00
 8.8349e+00
 8.6148e+00
 8.6167e+00
 8.7349e+00
 9.8329e+00
 1.0105e+01
 1.0737e+01
 1.1098e+01
 1.0789e+01
 1.0504e+01
 1.0152e+01
 9.2013e+00
 7.8988e+00
 6.2416e+00
 5.3933e+00
 4.9346e+00
 4.8909e+00
 5.0666e+00
 2.5119e+00
 2.5680e+00
 3.8494e+00
 3.6697e+00
 3.6800e+00
 3.7972e+00
 3.9775e+00
 3.9997e+00
 4.4173e+00
 5.1562e+00
 5.8882e+00
 8.2978e+00
 8.1815e+00
 8.2567e+00
 8.5762e+00
 8.9545e+00
 1.0228e+01
 1.0301e+01
 1.0385e+01
 1.0481e+01
 1.0314e+01
 1.0150e+01
 9.8613e+00
 8.9532e+00
 7.6385e+00
 6.0013e+00
 5.1619e+00
 4.6747e+00
 4.6228e+00
 4.8669e+00
 2.7873e+00
 2.6838e+00
 3.7922e+00
 3.7510e+00
 3.7822e+00
 3.9278e+00
 4.1897e+00
 4.3504e+00
 4.8434e+00
 5.2912e+00
 5.4688e+00
 7.6090e+00
 7.7371e+00
 8.1382e+00
 8.6748e+00
 9.2044e+00
 1.0507e+01
 1.0328e+01
 9.9386e+00
 9.7929e+00
 9.8451e+00
 9.7986e+00
 9.4660e+00
 8.6729e+00
 7.4570e+00
 5.7850e+00
 4.9298e+00
 4.4546e+00
 4.4438e+00
 4.7466e+00
 2.6878e+00
 4.1868e+00
 4.9575e+00
 5.0387e+00
 5.1316e+00
 5.3374e+00
 5.6394e+00
 4.9165e+00
 5.1095e+00
 5.1192e+00
 4.5206e+00
 6.3818e+00
 7.3753e+00
 7.9696e+00
 8.5924e+00
 9.0778e+00
 9.3206e+00
 8.9544e+00
 8.3800e+00
 8.1531e+00
 8.3449e+00
 8.2069e+00
 7.8494e+00
 7.1751e+00
 6.0936e+00
 4.9395e+00
 4.0967e+00
 3.6672e+00
 3.6883e+00
 4.0044e+00
 1.5595e+00
 4.0763e+00
 4.9159e+00
 5.1199e+00
 5.2689e+00
 5.4181e+00
 5.5464e+00
 4.5439e+00
 4.4637e+00
 4.4258e+00
 4.6169e+00
 6.6383e+00
 7.1747e+00
 7.7724e+00
 8.3153e+00
 8.6205e+00
 8.6983e+00
 8.3260e+00
 7.8593e+00
 7.6611e+00
 7.8210e+00
 7.7281e+00
 7.4027e+00
 6.8203e+00
 5.8941e+00
 4.8263e+00
 4.0153e+00
 3.6335e+00
 3.6432e+00
 3.8952e+00
 1.4343e+00
 3.9740e+00
 4.8537e+00
 5.0948e+00
 5.1925e+00
 5.1505e+00
 5.0332e+00
 3.8602e+00
 3.8096e+00
 3.9493e+00
 4.2979e+00
 6.3368e+00
 6.8054e+00
 7.2748e+00
 7.6438e+00
 7.7939e+00
 7.8226e+00
 7.5616e+00
 7.2767e+00
 7.1171e+00
 6.5220e+00
 6.2982e+00
 6.6140e+00
 6.1242e+00
 5.3992e+00
 4.4963e+00
 3.7258e+00
 3.3518e+00
 3.2903e+00
 3.4266e+00
 9.1880e-01
 3.4455e+00
 4.2931e+00
 4.4914e+00
 4.5108e+00
 4.3214e+00
 4.0692e+00
 2.9026e+00
 2.9905e+00
 3.2635e+00
 3.6444e+00
 5.6142e+00
 5.9692e+00
 6.2975e+00
 6.5448e+00
 6.6517e+00
 6.7668e+00
 6.6906e+00
 6.5875e+00
 6.4786e+00
 6.4092e+00
 6.2084e+00
 6.0216e+00
 5.6826e+00
 5.1850e+00
 4.4779e+00
 3.7699e+00
 3.3914e+00
 3.2774e+00
 3.3803e+00
 8.5114e-01
 3.3816e+00
 4.1586e+00
 4.2531e+00
 4.1973e+00
 3.9630e+00
 3.7175e+00
 2.6279e+00
 2.7938e+00
 3.0735e+00
 3.3931e+00
 5.2541e+00
 5.4436e+00
 5.5749e+00
 5.6451e+00
 5.6449e+00
 5.7691e+00
 5.7995e+00
 5.8037e+00
 5.7635e+00
 5.7207e+00
 5.5493e+00
 5.4707e+00
 5.2705e+00
 4.9394e+00
 4.4235e+00
 3.8204e+00
 3.4276e+00
 3.2662e+00
 3.3484e+00
 5.0738e-01
[ CPUDoubleType{2100,1} ]
