-3.0095e+00
-4.0463e+00
-4.0757e+00
-4.1389e+00
-4.1986e+00
-4.2512e+00
-3.4872e+00
-3.6348e+00
-3.4543e+00
-2.8504e+00
-2.3881e+00
 1.7709e+00
 1.0388e+00
 2.5873e-01
 2.1972e-01
 1.1266e+00
-9.1281e-02
-8.1977e-01
-2.5644e-01
 2.3065e-01
 8.9335e-01
 1.2480e+00
 1.1248e+00
 1.9521e+00
 6.2833e+00
 9.6397e+00
 4.0071e+00
 3.5590e+00
 6.6159e+00
 5.6343e+00
-2.1820e+00
-4.1108e+00
-4.1742e+00
-4.2496e+00
-4.3285e+00
-4.4020e+00
-3.6427e+00
-3.7553e+00
-3.4891e+00
-2.8201e+00
-2.3512e+00
 1.7266e+00
 8.4936e-01
-1.0891e-01
-1.5346e-01
 1.1672e+00
 4.4821e-01
-4.3231e-01
 1.3732e-01
 7.6432e-01
 1.5889e+00
 1.6574e+00
 7.7042e-01
 1.2085e-01
 1.9881e+00
 7.0609e+00
 3.0644e+00
 3.6671e+00
 6.5944e+00
 5.0161e+00
-2.3946e+00
-4.1858e+00
-4.2573e+00
-4.3334e+00
-4.4297e+00
-4.5624e+00
-3.8592e+00
-3.9380e+00
-3.6185e+00
-3.1570e+00
-2.6117e+00
 1.5372e+00
 6.5708e-01
-3.6105e-01
-3.0331e-01
 1.5071e+00
 9.0827e-01
-3.0952e-01
 8.0102e-01
 1.7804e+00
 2.6671e+00
 2.1058e+00
 2.6566e-01
-1.0228e+00
 5.8224e-01
 6.8531e+00
 4.1153e+00
 3.6761e+00
 6.4980e+00
 4.5981e+00
-1.0326e+00
-3.3899e+00
-3.4899e+00
-3.3448e+00
-2.3268e+00
-1.8241e+00
-2.5912e+00
-2.7571e+00
-1.5487e+00
-1.1461e+00
-1.6736e+00
 1.7138e+00
 9.1225e-01
-1.2342e-01
-8.6672e-02
 1.5935e+00
 3.9184e-01
-1.1506e+00
 8.7070e-01
 2.6659e+00
 3.5228e+00
 2.8303e+00
 6.8769e-01
-1.0094e+00
 7.0673e-01
 7.4648e+00
 6.4402e+00
 4.8426e+00
 6.7043e+00
 4.5244e+00
-9.3519e-01
-3.3518e+00
-3.6266e+00
-3.8440e+00
-3.4464e+00
-2.5259e+00
-3.0024e+00
-2.8923e+00
-1.6664e+00
-1.5011e+00
-2.0354e+00
 1.4350e+00
 7.9413e-01
 6.5576e-02
 5.5193e-01
 1.7515e+00
-8.4845e-01
-2.5851e+00
 2.2748e-01
 1.9068e+00
 3.2307e+00
 2.9329e+00
 9.3542e-01
-8.5100e-01
 1.4540e+00
 1.0209e+01
 9.5123e+00
 5.9286e+00
 8.3303e+00
 5.4307e+00
-6.4827e-01
-3.3166e+00
-3.7959e+00
-4.1199e+00
-3.7007e+00
-2.3581e+00
-2.4089e+00
-2.5581e+00
-1.5180e+00
-1.7166e+00
-2.3257e+00
 1.3071e+00
 9.9170e-01
 7.8666e-01
 2.4613e+00
 4.4418e+00
-2.0627e-01
-2.0500e+00
 9.0841e-01
 1.8528e+00
 2.8525e+00
 2.7882e+00
 1.3621e+00
-2.3377e-01
 2.5363e+00
 1.0947e+01
 8.1186e+00
 2.5159e+00
 6.7396e+00
 5.2363e+00
-5.3298e-01
-3.2080e+00
-3.7202e+00
-4.0757e+00
-3.5097e+00
-1.5245e+00
-9.0596e-01
-1.5028e+00
-1.1821e+00
-1.9522e+00
-2.5443e+00
 1.3544e+00
 1.3590e+00
 1.4392e+00
 4.3442e+00
 8.1128e+00
 2.2336e+00
-5.4442e-01
 1.3822e+00
 1.3618e+00
 2.3388e+00
 2.7552e+00
 2.1350e+00
 1.9660e+00
 7.3688e+00
 1.5496e+01
 8.3526e+00
 1.0589e+00
 6.2858e+00
 4.6812e+00
-1.2693e+00
-3.1265e+00
-3.5525e+00
-3.8847e+00
-3.0861e+00
-4.5531e-01
 3.2504e-01
-1.0284e+00
-9.1013e-01
-1.8774e+00
-2.5545e+00
 1.4008e+00
 1.2510e+00
 1.2640e+00
 5.5614e+00
 1.0935e+01
 5.3829e+00
 1.4605e+00
 2.1049e-02
-1.3479e-01
 1.8764e+00
 3.1944e+00
 3.8289e+00
 5.6809e+00
 1.6379e+01
 2.9730e+01
 1.7066e+01
 8.1959e+00
 1.0962e+01
 4.5094e+00
-8.9449e-01
-3.0183e+00
-3.3464e+00
-3.6550e+00
-2.7464e+00
-2.2481e-01
 1.0391e-02
-2.1134e+00
-1.7223e+00
-2.1022e+00
-2.8198e+00
 7.1535e-01
 7.8823e-01
 1.9245e+00
 7.9565e+00
 1.4725e+01
 8.6020e+00
 2.5129e+00
-1.8553e+00
-1.9145e+00
 1.6920e+00
 4.2511e+00
 5.8655e+00
 8.4874e+00
 2.3961e+01
 4.5310e+01
 2.9811e+01
 1.6628e+01
 1.3483e+01
 3.4494e+00
-4.7569e-01
-2.0723e+00
-2.2250e+00
-2.2199e+00
-7.1521e-01
 1.4160e+00
 5.4644e-01
-1.5854e+00
-1.3149e+00
-2.6518e+00
-2.8735e+00
 1.0917e+00
 2.6882e+00
 4.5747e+00
 1.1942e+01
 1.8899e+01
 1.0515e+01
 7.5507e-01
-3.9266e+00
-2.6639e+00
 2.6470e+00
 5.4688e+00
 5.9925e+00
 7.6559e+00
 2.7473e+01
 5.4168e+01
 3.8776e+01
 2.1302e+01
 6.8924e+00
-1.8877e+00
-1.4294e+00
-1.9995e+00
-1.8678e+00
-1.4188e+00
 1.3591e+00
 4.5160e+00
 1.9424e+00
-1.2249e+00
-2.0789e+00
-2.0105e+00
 7.0839e-01
 5.0934e+00
 5.9621e+00
 7.7312e+00
 1.5889e+01
 2.0193e+01
 9.0487e+00
-2.7528e+00
-5.0195e+00
-7.0385e-01
 2.6133e+00
 2.8771e+00
 3.5353e+00
 8.5699e+00
 3.3421e+01
 6.2084e+01
 4.0861e+01
 1.6668e+01
-3.0255e+00
-7.3303e+00
-2.2958e+00
-1.8426e+00
-1.5317e+00
-9.8425e-01
 2.8244e+00
 7.7277e+00
 3.8005e+00
-1.0815e+00
 4.0061e-01
 4.4681e-01
 1.1394e+00
 4.8692e+00
 5.6802e+00
 8.2830e+00
 1.8413e+01
 1.6839e+01
 3.8098e+00
-4.2121e+00
-4.0066e+00
-1.8069e+00
-1.0843e+00
 4.5965e+00
 1.0664e+01
 1.7858e+01
 4.6700e+01
 7.4946e+01
 4.3935e+01
 8.4300e+00
-8.2480e+00
-8.8551e+00
-2.5090e+00
-1.8505e+00
-1.9167e+00
-1.7527e+00
 2.7475e+00
 8.2791e+00
 3.5745e+00
-6.9852e-01
-3.5161e-01
-1.2954e+00
 7.3122e-01
 4.9757e+00
 5.3318e+00
 8.1990e+00
 1.9623e+01
 1.1320e+01
 2.7856e+00
-6.3374e+00
-6.7775e+00
-9.3038e-01
 1.1785e+01
 1.8913e+01
 2.2268e+01
 2.8975e+01
 6.0928e+01
 7.9127e+01
 3.7208e+01
-4.0818e+00
-9.3663e+00
-2.0872e+00
-1.7664e+00
-2.8349e+00
-2.7907e+00
-2.0367e+00
 3.2172e+00
 8.3610e+00
 1.9837e+00
-8.1987e-01
-3.6038e+00
-4.7055e+00
-1.2226e+00
 3.4431e+00
 4.1161e+00
 7.1423e+00
 1.8009e+01
 6.6657e+00
-3.3288e+00
-1.4541e+01
-7.5079e-01
 7.5996e+00
 1.2594e+01
 1.7298e+01
 2.0670e+01
 3.1313e+01
 7.2779e+01
 7.2100e+01
 2.2427e+01
-1.3331e+01
-7.0676e+00
 8.9861e+00
-1.7030e+00
-1.0302e+00
 4.6740e-01
 1.6306e+00
 7.3415e+00
 1.1900e+01
 2.7349e+00
-2.6169e+00
-3.1962e+00
-2.9070e+00
 2.3315e-01
 1.7776e+00
 1.9722e+00
 3.8203e+00
 1.0810e+01
 8.2284e-01
-1.7693e+01
-1.8805e+01
 7.9728e-01
 3.0477e+00
 1.1035e+01
 1.7575e+01
 1.9719e+01
 3.2632e+01
 8.1416e+01
 5.7273e+01
 2.8888e+01
-7.5263e+00
-1.2879e+00
-6.3646e-01
 2.2907e+00
 2.6231e+00
 3.2619e+00
 4.4324e+00
 1.0828e+01
 1.1233e+01
-5.3291e+00
-6.3128e+00
 2.6465e+00
 2.5794e+00
-7.2654e-01
 1.7114e+00
 2.9080e+00
 3.3261e+00
 2.4936e+00
-1.1619e+01
-2.5152e+01
-1.6157e+01
-7.1826e+00
-7.6583e+00
 3.5905e+00
 1.1716e+01
 1.6082e+01
 3.1129e+01
 8.0296e+01
 4.7203e+01
 2.2197e+01
-1.1536e+01
-6.2753e+00
-2.4746e+00
 2.7551e+00
 2.0125e+00
 2.1752e+00
 4.9230e+00
 1.3950e+01
 5.6613e+00
-1.4875e+01
-1.1677e+01
 4.2363e-01
 8.5323e+00
 7.2546e-01
 3.6196e+00
 4.2385e+00
 1.7493e+00
-1.1504e+01
-1.4805e+01
-1.5080e+01
-2.9885e+01
-2.4182e+01
-8.9323e+00
 4.1484e+00
 8.5622e+00
 1.2123e+01
 2.4696e+01
 6.3367e+01
 4.4111e+01
-6.0197e+00
-2.7169e+01
-1.1095e+01
-3.4019e+00
 1.5018e+00
 2.0382e+00
 2.5549e+00
 6.0875e+00
 1.6760e+01
-2.4245e+00
-8.1281e+00
-4.2118e-01
 4.0205e+00
 3.0286e+00
 5.7922e+00
 7.0963e+00
 6.7403e+00
 2.8811e+00
-1.0514e+01
 7.5204e+00
-1.0133e+01
-1.7813e+01
-2.2889e+00
 3.7022e+00
 8.9669e+00
 1.2089e+01
 1.6652e+01
 2.5710e+01
 4.2582e+01
 2.6229e+01
 1.0186e+01
-7.2975e+00
-8.7811e+00
-4.3221e+00
 7.3579e-01
 8.0702e-01
 2.6753e+00
 7.1120e+00
 1.4208e+01
-1.0423e+01
-1.7578e+01
-8.9100e+00
-5.8584e+00
-1.0188e+00
 7.6686e+00
 4.8827e+00
 3.8462e+00
 3.4762e+00
-2.2914e+00
 2.6129e+01
 6.1874e+00
 2.2425e+01
 3.1491e+01
 2.2378e+01
 1.4954e+01
 1.8363e+01
 2.1974e+01
 2.1054e+01
-5.8528e+00
 3.4313e+01
 1.0661e+02
 4.2050e+01
-1.1943e+01
-1.3144e+01
 1.3152e+00
-6.5347e-01
 2.0764e+00
 8.4285e+00
 5.7268e+00
-1.8614e+01
-1.8464e+01
-1.1954e+01
 1.3563e+00
 8.5356e+00
 3.0935e+00
 4.9164e-01
 4.2567e-01
-6.5123e+00
-4.9534e+00
 2.7365e+01
 5.1435e+01
 5.6768e+01
 4.9708e+01
 2.9608e+01
 2.2029e+01
 2.7911e+01
 3.2399e+01
 2.5136e+01
-1.6468e+00
 1.4292e+02
 1.9795e+02
 8.1471e+01
 4.3700e+01
 1.2703e+01
 3.0735e+00
-1.4406e+00
-1.5267e+00
 2.7633e+00
-2.0123e+00
-5.7138e+00
 7.5870e+00
 9.2687e+00
-6.1471e-01
 2.1019e+01
 4.1704e+00
-2.6263e+00
-3.0786e-01
-1.0761e+01
-3.3306e+00
 4.0235e+01
-1.7747e+01
-2.0105e+01
 2.5220e+01
 3.0154e+01
 2.1838e+01
 2.0510e+01
 2.7100e+01
 2.9172e+01
 3.2900e+01
 2.7048e+02
 3.1959e+02
 2.0883e+02
 1.2500e+02
 4.1503e+01
-1.0341e+01
-4.6391e+00
 2.2160e-01
-3.6583e-01
-2.9124e+01
-1.2353e+01
 1.6138e+01
 1.9877e+01
-4.7517e+01
-1.2356e+01
 1.5365e+01
 1.8756e+00
 2.7125e+00
-6.9201e-01
 3.4284e+00
 5.8327e+01
-7.6405e+01
-5.6362e+01
 1.5082e+01
 3.1365e+01
 8.2129e+00
 4.3928e+00
 1.1312e+00
-3.1705e+01
 9.7655e+00
 3.4336e+02
 4.5010e+02
 2.8171e+02
 2.4761e+02
 9.0593e+01
 1.4658e+01
 1.6117e+00
 5.8060e-01
-9.1025e-01
-1.3990e+01
-6.2673e+00
-1.4602e+01
-4.3037e+01
 4.7951e+01
 4.4503e+01
 1.3053e+01
 2.1956e+00
 3.9313e-01
 8.8152e-01
 6.3037e+00
 1.0989e+02
-3.7641e+01
-2.8831e+01
-9.2488e+00
 1.6884e+01
-1.5783e+01
-1.2681e+01
-1.6482e+01
-7.2229e+01
 3.9065e+01
 4.6556e+02
 2.8663e+02
 4.3748e+01
 1.0680e+02
 8.2030e+01
 2.3346e+01
 4.9771e+00
 4.5807e+00
 1.8098e+00
-1.4935e+01
 2.7720e+01
-1.1861e+01
-4.5623e+01
 1.1448e+02
 7.8507e+01
-3.7851e+01
-5.0787e+00
 6.8538e+00
-7.5723e+00
-5.3141e+01
 8.0706e+01
-3.2874e+01
-5.5558e+01
-6.0046e+01
-1.4366e+01
-1.1398e+01
-4.6227e+00
-6.3249e+00
-5.6918e+01
 1.4536e+02
 6.6649e+02
-7.6944e+01
-1.8029e+02
 4.6258e+01
 1.1508e+02
 2.3164e+01
-5.1872e+00
-8.5270e+00
-2.1214e+01
-2.8833e+01
 2.1048e+01
 2.5862e+01
 2.0905e+02
 4.8161e+02
 1.4420e+02
 1.7491e+01
 1.2814e+00
-2.8408e+00
 9.1186e-01
 2.6911e+01
 3.9545e+01
-5.2290e+01
-3.8421e+01
 1.0143e+01
 3.2674e+01
 1.7535e+01
 1.1044e+01
-3.7053e+00
-3.4200e+01
 1.5777e+02
 6.3457e+02
-1.2515e+02
-1.4019e+02
 9.8087e+00
 1.2987e+02
 2.5533e+01
-1.0678e+01
-1.8376e+01
-4.4873e+01
-3.7260e+01
 6.8812e+01
 1.0512e+02
 1.6636e+02
 5.7257e+01
-3.6606e+01
-3.0902e+00
-5.3915e-01
 1.0935e+00
-3.8101e+00
-9.4461e+00
 5.6192e+01
 2.5405e-01
 6.0780e+00
 5.1414e+01
 5.2905e+01
 1.7213e+01
 2.1987e+01
 4.6063e+00
-3.5575e+01
 9.9768e+01
 4.9947e+02
-7.1810e+00
-6.3024e+01
-2.7441e+01
 9.5062e+01
 1.8049e+01
-1.3126e+01
-2.2168e+01
-4.2703e+01
 2.1586e+01
 2.0650e+02
 1.6461e+01
-6.7307e+01
-1.9769e+01
 5.5998e+00
 5.2777e+00
 7.5311e+00
 6.5618e+00
 8.3489e+00
 1.1614e+01
 2.8894e+00
-4.2546e+01
 3.0484e+01
 1.1367e+02
 2.7092e+01
 2.3883e+01
 2.2305e+01
 1.0850e+01
-1.9835e+01
 9.4120e+01
 3.9894e+02
 2.3811e+01
-3.0181e+01
-1.0750e+01
 4.4246e+01
 5.4693e+00
-1.3472e+01
-2.0224e+01
-1.6335e+01
 6.0744e+01
 1.7276e+02
-6.7194e+01
-7.2810e+01
 1.7905e-01
 3.3327e+01
 8.7102e+00
 5.4619e+00
 4.8756e+00
 5.6033e-01
 6.0020e+00
-1.4232e+01
 6.8729e+00
 2.6938e+01
-3.3245e+00
-2.5078e+01
-1.0827e+01
-4.9861e+00
-1.1013e+00
-2.7307e+01
 6.2664e+01
 1.9618e+02
-5.3281e+01
-1.4204e+01
 7.2348e+00
 8.4961e+00
-2.2371e+00
-5.4765e+00
-3.2407e+00
 2.3256e+00
 4.2254e+01
 1.1751e+02
-3.1403e+01
-2.2386e+01
-5.7327e+00
 2.2572e+01
 5.2819e+00
-2.1715e+00
-1.1408e+00
-3.8804e-01
 1.5867e+00
 1.8344e+01
 1.8541e+01
-5.7284e+00
-1.0936e+01
-4.0464e+00
 1.2979e+01
 2.0315e+01
 3.7763e+00
 6.4157e+00
 1.0293e+02
 9.3415e+01
 2.6610e+00
-2.1209e+01
 5.0060e+00
-2.8471e+00
-6.2451e-02
 2.0027e+00
 8.3857e+00
 4.3699e+00
 1.8806e+01
 8.4524e+01
-1.1321e+01
-1.3459e+01
-7.3550e+00
 8.0014e+00
 1.3810e-02
-4.2879e+00
-1.7432e+00
-1.0918e+00
 4.8346e+00
 5.0390e+00
-9.8181e+00
-1.1019e+01
-2.4076e+00
-1.3855e+00
 4.1014e+00
 1.4495e+01
-3.8066e-01
-2.7774e+01
 4.4809e+01
-5.3540e+01
 5.2849e+00
-1.7336e-01
-2.5027e+00
 8.0480e+00
-3.0025e+00
 4.8310e-02
 9.1771e+00
-2.8553e+00
 7.5355e+00
 3.4721e+01
-2.4766e+01
-1.0541e+01
-3.5688e+00
-1.3832e+00
-1.4761e+00
-2.2042e+00
-3.3264e+00
 3.5580e+00
 8.6582e-01
-7.5985e-01
-1.0506e+01
-2.2019e+00
 2.0713e+00
 2.6455e+00
 3.0631e+00
 1.8003e-01
 3.9258e+00
 6.2334e+00
 1.5039e+01
 5.2427e+00
-1.4909e+01
-1.0689e+01
 8.6621e+00
 9.7587e+00
 5.9075e+00
 1.1794e+01
 1.0048e+01
 3.6100e+00
 2.2440e+01
 2.0309e+01
-1.7515e-01
-9.1692e+00
-1.0681e+00
 4.1793e-02
 9.5183e-01
 1.3316e+00
 1.0746e+00
 3.7731e+00
-2.6876e+00
-3.3733e+00
-7.9134e+00
-2.9116e+00
 1.5635e+00
 3.7399e+00
-1.6875e+00
-3.9976e+00
 2.2868e+00
-1.5712e+00
-5.0810e-01
 2.3718e+00
-1.8904e+01
-1.8616e+01
 6.2736e+00
 1.3365e+01
 6.3499e+00
 9.7054e+00
 7.0894e+00
-3.1376e+00
 1.0944e+01
-1.5302e+01
 9.9138e-01
-4.7351e-01
-8.6235e-01
 3.2276e+00
 1.1098e+00
 1.2401e+00
 2.0043e+00
 2.3823e+00
-2.2309e+00
-6.3536e-01
-4.1290e+00
-1.8133e+00
 4.9936e-01
 1.6934e+00
 1.1809e+00
 9.7676e-01
-1.0920e+01
 4.7336e+00
-1.7684e+00
 8.4048e+00
-1.0269e+01
-9.8459e+00
 5.8943e+00
 1.7439e+01
 6.7177e+00
 5.9112e+00
 7.7275e+00
 6.7054e+00
 6.3144e+00
 3.2769e+00
-3.8876e+00
-2.6652e+00
 2.0515e+00
 2.1799e+00
 3.0209e+00
 4.2541e+00
 3.2789e+00
 3.8398e+00
 3.5525e-02
 1.7735e+00
-2.1243e+00
-8.2635e-01
 2.0860e+00
 4.5208e+00
 7.2601e+00
 5.1687e+00
-5.5239e+00
 3.1203e+00
-2.0476e+00
 6.9944e+00
-8.4217e+00
-6.6290e+00
 5.0297e+00
 1.2338e+01
 3.3985e+00
 2.6015e+00
 5.6881e+00
 3.8997e+00
 2.4793e+00
 2.7498e+00
-4.3792e+00
-4.2232e+00
 1.8591e+00
 3.2858e+00
 3.1426e+00
 3.9532e+00
 2.7402e+00
 2.7993e+00
 2.2828e+00
 2.5424e+00
-9.8621e-01
 3.5210e-01
 1.4298e+00
 2.4200e+00
 2.5313e+00
-7.9839e-01
-8.6078e+00
-9.8025e-01
-4.2429e+00
 4.9912e+00
-1.0537e+01
-4.7263e+00
 4.9537e+00
 1.0341e+01
 1.4954e+00
 3.3763e+00
 1.2381e+00
 4.4627e+00
 1.4061e+00
 3.9910e+00
-1.4516e+00
-1.8125e+00
 1.6792e+00
 4.1181e+00
 1.8330e+00
 2.2833e+00
 2.3160e+00
 1.3992e+00
 4.7614e+00
 5.2601e+00
 2.9618e-01
 1.4708e-01
 1.4119e+00
 1.9748e+00
 6.8372e+00
 4.6892e+00
-4.4652e+00
 4.1535e+00
-5.3061e+00
 1.7578e+00
-1.1860e+01
-3.7242e+00
 6.1413e+00
 9.0305e+00
 5.0615e+00
 5.1895e+00
 2.8502e+00
 3.2756e+00
 7.4102e-01
 3.1587e+00
-8.6656e-01
-1.4747e-01
 2.1650e+00
 3.7200e+00
 2.6850e+00
 1.7271e+00
 3.0432e+00
 1.6290e+00
 4.8980e+00
 5.6021e+00
 5.8254e-01
 1.1436e+00
 2.8333e+00
 2.6295e+00
 5.9217e+00
 4.2272e+00
-4.4580e+00
-1.7395e+00
-7.7391e-01
 1.7252e+00
-1.0615e+01
-3.0801e+00
 3.7814e+00
 6.9866e+00
 3.0421e+00
 2.7158e+00
 1.5523e+00
 1.6348e+00
-1.2138e+00
 1.3308e+00
-2.6222e+00
-6.8905e-01
 1.1560e+00
 2.2944e+00
 3.7545e+00
 2.0623e+00
 1.4688e+00
 1.6621e+00
 2.7157e+00
 9.7492e+00
 2.1000e+00
 1.8344e-01
 1.1342e+00
 1.7282e+00
 5.3538e+00
 1.9859e+00
-2.2471e+00
-6.6190e+00
 4.8384e+00
 3.0360e+00
-1.0419e+01
-5.8804e+00
 4.7600e+00
 9.2213e+00
 4.4351e+00
 3.5897e+00
 1.6524e+00
 2.7823e+00
-1.2648e+00
 1.3303e-01
-3.0231e+00
-5.5620e-01
 1.3639e+00
 2.8747e+00
 6.1176e+00
 6.5667e+00
 3.8502e+00
 1.3927e-01
 1.6766e+00
 8.8322e+00
 2.9437e+00
 2.1874e+00
 9.1213e-01
 1.3588e+00
 1.0240e+01
 8.7647e+00
 7.8180e+00
 3.0833e-01
 1.0729e+01
 7.9724e+00
-7.8478e+00
-4.6299e+00
 5.0872e+00
 8.9131e+00
 3.7195e+00
 2.8836e+00
 1.5123e+00
 1.5935e+00
 5.0791e-01
 4.6205e-01
-3.5167e+00
-5.6115e-01
 9.2774e-01
 1.8117e+00
 4.7859e+00
 3.8770e+00
 2.3305e+00
 4.6381e-01
-8.1910e-01
 2.6542e+00
 2.8579e+00
 2.4106e+00
 1.2184e+00
-3.0428e-01
 1.4827e+01
 7.2195e+00
 7.3272e+00
 3.1532e+00
 5.0273e+00
 2.5052e+01
-2.4116e+00
-2.4133e+00
 5.8683e+00
 8.2132e+00
 3.2486e+00
 1.7200e+00
 1.1734e+00
-1.2503e-03
 3.0165e+00
 2.2206e+00
-2.5959e+00
-2.4302e+00
 1.9431e-01
 1.5273e+00
 4.7035e+00
 2.8918e+00
 4.9875e-01
 5.4865e-01
-2.5465e-01
-3.5585e-01
 2.1236e+00
 2.8906e+00
 3.3139e+00
 6.6782e+00
 2.3208e+01
 1.7163e+01
 1.2999e+01
 3.8753e+00
 4.0765e+00
 2.4413e+01
 6.3235e-01
 7.4610e-01
 4.2201e+00
 5.1554e+00
 3.4034e+00
 3.1806e+00
 3.7238e+00
 1.9581e+00
 4.8189e+00
 4.1818e+00
 1.5047e-02
 6.9975e-01
 1.9148e+00
 3.0088e+00
 6.4186e+00
 1.4978e+00
 2.0595e+00
 2.0227e+00
 2.7484e-01
 9.8355e-01
 1.5136e-01
 4.4600e+00
 3.9528e+00
 5.2207e+00
 2.2268e+01
 1.0323e+01
 1.7925e+00
 2.6747e+00
 3.9941e+00
 6.4104e+00
 3.0844e+00
-3.2022e-01
 2.8615e+00
 2.5255e+00
 3.0468e+00
 1.7895e+00
 2.4774e+00
 1.6580e+00
 2.4730e+00
 7.9057e+00
 1.0328e+00
 2.0361e+00
 5.0400e+00
 6.7426e+00
 8.8544e+00
 3.6178e+00
 3.1708e+00
 3.8739e+00
 5.1231e+00
 5.3755e+00
 3.0709e+00
 2.2334e-01
 9.7198e-01
 1.4369e+00
 1.9946e+01
 7.9287e+00
-3.9196e-02
 1.2627e+00
 2.7885e+00
-6.6537e-01
-1.3989e+00
-2.5646e+00
 3.0799e+00
 3.6993e+00
 5.5983e+00
 4.3581e+00
 3.7187e+00
 1.5770e+00
 1.5300e+00
 6.6537e+00
 1.6160e+00
 2.9554e+00
 6.0373e+00
 9.0677e+00
 5.5464e+00
 4.1614e+00
 5.8466e+00
 6.8584e+00
 6.8328e+00
 5.2954e+00
 6.0931e+00
 4.4826e+00
 3.2917e-01
 1.3119e+00
 2.0054e+01
 1.7523e+00
 1.5876e+00
 3.5593e+00
 1.2607e+00
 1.0361e+00
 3.5193e-01
 4.6468e+00
 4.9805e+00
 4.7062e+00
 5.7114e+00
 2.7845e+00
 8.6994e-01
 1.8387e+00
 2.7044e+00
 3.0034e+00
 2.9113e+00
 3.6918e+00
 6.1330e+00
 5.1135e+00
 7.8132e+00
 6.9076e+00
 4.3437e+00
 4.1546e+00
 6.0167e+00
 5.5069e+00
 7.5313e+00
 1.0235e+01
 8.4773e+00
 9.4205e+00
 2.0834e+01
 2.7934e+00
 2.3356e+00
 5.4115e+00
 7.7322e+00
 3.6092e+00
 1.7450e+00
 2.6713e-01
 3.2459e+00
 2.8764e+00
 5.1263e+00
 2.8477e+00
 1.3199e+00
 1.7921e+00
 2.1621e+00
 1.5449e+00
 3.7623e+00
 3.9735e+00
 6.6603e+00
 6.4195e+00
 9.2436e+00
 9.5637e+00
 6.5963e+00
 4.4423e+00
 3.4468e+00
 2.0443e+00
 5.5822e+00
 1.1194e+01
 1.4064e+01
 2.1301e+01
 1.0612e+01
 2.3534e+00
 3.8853e+00
 4.8807e+00
 3.5052e+00
 6.2116e+00
 1.0540e+01
 9.1096e+00
 7.7856e+00
 2.6359e+00
 5.0711e+00
 1.0613e+00
 9.2062e-01
 1.7712e+00
 2.4366e+00
 4.0754e+00
 4.1874e+00
 5.8758e+00
 5.8542e+00
 7.3623e+00
 8.6553e+00
 7.9140e+00
 6.7108e+00
 6.8970e+00
 7.3604e+00
 5.1974e+00
 6.5121e+00
 1.4526e+01
 1.9101e+01
 1.2830e+01
 2.7540e+01
 2.3182e+01
 9.2999e+00
 3.6672e+00
 6.0824e+00
 7.9996e+00
 1.2017e+01
 1.7201e+01
 7.4016e+00
 2.8951e+00
 4.5453e+00
 7.2948e-01
 6.5074e-01
 2.5261e+00
 5.1820e+00
 3.9576e+00
 3.9991e+00
 5.3884e+00
 6.2266e+00
 6.7235e+00
 8.2451e+00
 8.5396e+00
 9.7176e+00
 7.5163e+00
 5.7688e+00
 5.6422e+00
 1.3507e+01
 1.5858e+01
 1.9204e+01
 1.5714e+01
 2.9806e+01
 3.1785e+01
 1.8470e+01
 8.5574e+00
 3.7571e+00
 3.6680e+00
 1.1484e+01
 2.1040e+01
 1.0192e+01
 5.3009e+00
 2.7714e+00
 1.6455e+00
 2.5737e+00
 4.6534e+00
 5.0139e+00
 5.3743e+00
 7.5250e+00
 9.0517e+00
 9.6261e+00
 9.3797e+00
 8.8690e+00
 6.8662e+00
 6.0304e+00
 5.1125e+00
 8.8108e+00
 1.4400e+01
 1.3603e+01
 1.6689e+01
 1.4902e+01
 1.8796e+01
 2.3581e+01
 2.1616e+01
 1.5241e+01
 1.0102e+01
 1.0358e+01
 7.3682e+00
 7.7889e+00
 1.6427e+01
 1.3644e+01
 3.6115e+00
 7.9625e+00
 7.5348e+00
 5.1754e+00
 4.7474e+00
 5.0570e+00
 5.1989e+00
 8.7460e+00
 1.1395e+01
 9.0184e+00
 7.9692e+00
 7.3532e+00
 5.4087e+00
 4.7649e+00
 7.1892e+00
 1.4098e+01
 1.2228e+01
 1.2096e+01
 1.8601e+01
 1.7830e+01
 1.7549e+01
 1.9327e+01
 1.5282e+01
 1.6180e+01
 9.9340e+00
 1.0992e+01
 9.6173e+00
 9.9405e+00
 1.2383e+01
 1.1860e+01
 2.9829e+00
 7.6585e+00
 1.0409e+01
 8.3455e+00
 5.3825e+00
 3.5317e+00
 4.1447e+00
 9.4500e+00
 1.2221e+01
 8.3222e+00
 6.5494e+00
 6.2856e+00
 5.0399e+00
 6.6391e+00
 1.2623e+01
 1.4254e+01
 1.0856e+01
 1.2015e+01
 1.8912e+01
 1.9476e+01
 1.8666e+01
 1.7904e+01
 1.2912e+01
 1.3204e+01
 9.0881e+00
 1.1547e+01
 1.1324e+01
 9.9989e+00
 1.1567e+01
 9.4762e+00
 4.1093e+00
 7.4264e+00
 9.2327e+00
 7.7639e+00
 5.6481e+00
 4.6759e+00
 5.2674e+00
 8.3901e+00
 9.3130e+00
 7.4835e+00
 5.3126e+00
 5.2311e+00
 6.1988e+00
 1.0474e+01
 1.3817e+01
 1.1905e+01
 8.4719e+00
 1.5048e+01
 1.9410e+01
 1.7641e+01
 1.5373e+01
 1.7363e+01
 1.2724e+01
 1.1411e+01
 8.4653e+00
 1.2005e+01
 1.0096e+01
 8.9880e+00
 1.1406e+01
 9.8174e+00
 5.5705e+00
 7.1411e+00
 7.2150e+00
 7.1970e+00
 5.4006e+00
 5.3295e+00
 6.1900e+00
 7.4872e+00
 7.0754e+00
 6.1994e+00
 5.1979e+00
 5.7504e+00
 8.6799e+00
 1.3333e+01
 1.1073e+01
 8.0724e+00
 8.4457e+00
 1.7675e+01
 1.8485e+01
 1.4636e+01
 1.3335e+01
 1.6738e+01
 1.2363e+01
 1.0525e+01
 9.0557e+00
 1.1711e+01
 9.1875e+00
 8.6245e+00
 1.0945e+01
 1.0377e+01
 7.3240e+00
 6.8706e+00
 6.1648e+00
 6.3713e+00
 5.5116e+00
 5.5507e+00
 5.5997e+00
 6.3642e+00
 6.0704e+00
 5.4764e+00
 5.3563e+00
 7.4312e+00
 1.1217e+01
 1.1227e+01
 7.9553e+00
 7.6518e+00
 1.0963e+01
 1.9121e+01
 1.4871e+01
 1.1673e+01
 1.0301e+01
 1.3299e+01
 1.2269e+01
 1.0896e+01
 8.7544e+00
 1.0440e+01
 8.5169e+00
 9.3758e+00
 1.0732e+01
 1.0022e+01
 6.7893e+00
 6.6644e+00
 7.0629e+00
 7.1044e+00
 6.5083e+00
 6.2652e+00
 5.7155e+00
 4.5978e+00
 4.8561e+00
 4.7739e+00
 5.9464e+00
 1.0670e+01
 1.1897e+01
 1.0391e+01
 9.0538e+00
 1.0984e+01
 1.3328e+01
 1.6611e+01
 1.2637e+01
 1.0726e+01
 1.2781e+01
 1.5861e+01
 1.4043e+01
 1.2712e+01
 8.9177e+00
 8.0166e+00
 7.7777e+00
 9.4132e+00
 9.5665e+00
 8.5349e+00
 5.2924e+00
 6.4413e+00
 7.0031e+00
 6.8700e+00
 6.3693e+00
 5.8123e+00
 5.0996e+00
 4.2052e+00
 4.8916e+00
 5.4548e+00
 7.1569e+00
 9.9820e+00
 9.9636e+00
 9.4843e+00
 9.9824e+00
 1.2391e+01
 1.2062e+01
 1.3143e+01
 1.1033e+01
 1.0267e+01
 1.1941e+01
 1.5336e+01
 1.4024e+01
 1.1291e+01
 7.5268e+00
 7.5650e+00
 8.3532e+00
 1.0003e+01
 8.4748e+00
 7.4705e+00
 4.3533e+00
 5.6079e+00
 7.0716e+00
 6.8989e+00
 6.2018e+00
 5.4636e+00
 4.9969e+00
 4.2597e+00
 5.1476e+00
 6.0343e+00
 7.1220e+00
 8.6300e+00
 8.9337e+00
 9.7245e+00
 1.1036e+01
 1.2158e+01
 9.5915e+00
 1.0645e+01
 1.0483e+01
 1.0149e+01
 1.1419e+01
 1.4925e+01
 1.3216e+01
 9.8670e+00
 7.0494e+00
 7.9472e+00
 8.7859e+00
 9.2205e+00
 7.5129e+00
 6.6962e+00
 4.8728e+00
 6.0170e+00
 7.1792e+00
 6.8897e+00
 5.9408e+00
 5.2869e+00
 5.1534e+00
 4.4898e+00
 5.3958e+00
 6.1466e+00
 6.3250e+00
 7.8569e+00
 8.6947e+00
 1.0170e+01
 1.1325e+01
 1.0796e+01
 7.7560e+00
 9.2799e+00
 1.0325e+01
 9.9825e+00
 1.0997e+01
 1.3773e+01
 1.2101e+01
 9.0218e+00
 7.2491e+00
 8.3342e+00
 8.3959e+00
 8.1307e+00
 6.9209e+00
 6.2828e+00
 4.5078e+00
 5.9558e+00
 7.2163e+00
 6.6461e+00
 5.7536e+00
 5.3423e+00
 5.3943e+00
 4.7509e+00
 5.3851e+00
 5.7227e+00
 5.0290e+00
 7.0236e+00
 8.9448e+00
 1.0643e+01
 1.1029e+01
 9.7512e+00
 6.8044e+00
 8.4447e+00
 9.7648e+00
 9.5940e+00
 1.0294e+01
 1.2402e+01
 1.1012e+01
 8.5425e+00
 7.5109e+00
 8.2885e+00
 7.5887e+00
 7.1878e+00
 6.5820e+00
 6.1085e+00
 4.2997e+00
 5.9408e+00
 7.1552e+00
 6.3500e+00
 5.6664e+00
 5.5071e+00
 5.6138e+00
 4.8615e+00
 5.1445e+00
 5.3021e+00
 5.5642e+00
 7.8248e+00
 9.4149e+00
 1.0754e+01
 1.0339e+01
 9.1728e+00
 6.4391e+00
 7.7028e+00
 8.9666e+00
 9.1599e+00
 9.4815e+00
 1.1299e+01
 1.0062e+01
 8.2987e+00
 7.5343e+00
 7.8444e+00
 6.9052e+00
 6.5727e+00
 6.3519e+00
 6.0774e+00
 4.2130e+00
 4.2279e+00
 5.0164e+00
 4.1897e+00
 3.7680e+00
 3.7400e+00
 3.8621e+00
 3.8063e+00
 3.9003e+00
 4.0674e+00
 4.6214e+00
 8.0020e+00
 9.4859e+00
 1.0030e+01
 9.4117e+00
 8.6975e+00
 9.6922e+00
 1.0468e+01
 1.1622e+01
 1.2056e+01
 1.0675e+01
 1.0404e+01
 1.0881e+01
 9.7017e+00
 8.8145e+00
 7.0500e+00
 6.0651e+00
 5.7291e+00
 5.6784e+00
 5.6806e+00
 3.6590e+00
 3.9100e+00
 4.7044e+00
 4.0312e+00
 3.8280e+00
 3.8927e+00
 3.9918e+00
 3.8063e+00
 3.8692e+00
 4.1843e+00
 5.0526e+00
 8.5140e+00
 9.4211e+00
 9.3252e+00
 8.9469e+00
 8.7131e+00
 9.6923e+00
 1.0142e+01
 1.1156e+01
 1.1670e+01
 1.1417e+01
 1.1086e+01
 1.0582e+01
 9.6566e+00
 8.4970e+00
 6.7142e+00
 5.7707e+00
 5.3631e+00
 5.4073e+00
 5.5902e+00
 3.5238e+00
 3.5676e+00
 4.4241e+00
 3.9859e+00
 3.9149e+00
 4.0119e+00
 4.1015e+00
 3.9147e+00
 4.0488e+00
 4.5935e+00
 5.6087e+00
 8.7122e+00
 8.9079e+00
 8.7150e+00
 8.7089e+00
 8.8081e+00
 9.8992e+00
 1.0175e+01
 1.0803e+01
 1.1172e+01
 1.0914e+01
 1.0676e+01
 1.0383e+01
 9.4812e+00
 8.1610e+00
 6.4394e+00
 5.5514e+00
 5.1044e+00
 5.1157e+00
 5.3541e+00
 2.7313e+00
 2.8707e+00
 4.2591e+00
 4.0341e+00
 4.0179e+00
 4.1015e+00
 4.2126e+00
 4.1345e+00
 4.4528e+00
 5.1247e+00
 5.8555e+00
 8.3395e+00
 8.2712e+00
 8.3501e+00
 8.6604e+00
 9.0232e+00
 1.0287e+01
 1.0360e+01
 1.0454e+01
 1.0569e+01
 1.0467e+01
 1.0360e+01
 1.0097e+01
 9.2071e+00
 7.8892e+00
 6.2066e+00
 5.3250e+00
 4.8355e+00
 4.8346e+00
 5.1537e+00
 3.1437e+00
 3.0644e+00
 4.1836e+00
 4.1094e+00
 4.1058e+00
 4.1953e+00
 4.3690e+00
 4.4234e+00
 4.8235e+00
 5.2304e+00
 5.4459e+00
 7.6712e+00
 7.8298e+00
 8.2261e+00
 8.7558e+00
 9.2717e+00
 1.0561e+01
 1.0384e+01
 1.0018e+01
 9.9124e+00
 1.0026e+01
 1.0026e+01
 9.6888e+00
 8.8905e+00
 7.6785e+00
 5.9833e+00
 5.0955e+00
 4.6202e+00
 4.6543e+00
 5.0329e+00
 3.0390e+00
 4.5454e+00
 5.3229e+00
 5.3705e+00
 5.4074e+00
 5.5342e+00
 5.7409e+00
 4.9246e+00
 5.0558e+00
 5.0546e+00
 4.3972e+00
 6.3507e+00
 7.4527e+00
 8.0509e+00
 8.6692e+00
 9.1426e+00
 9.3729e+00
 9.0146e+00
 8.4754e+00
 8.2963e+00
 8.5265e+00
 8.4078e+00
 8.0337e+00
 7.3462e+00
 6.2765e+00
 5.1286e+00
 4.2756e+00
 3.8505e+00
 3.9013e+00
 4.2803e+00
 1.8951e+00
 4.4068e+00
 5.2420e+00
 5.4020e+00
 5.4745e+00
 5.5312e+00
 5.5720e+00
 4.5058e+00
 4.4003e+00
 4.3770e+00
 4.6148e+00
 6.6888e+00
 7.2485e+00
 7.8494e+00
 8.3904e+00
 8.6889e+00
 8.7615e+00
 8.4029e+00
 7.9656e+00
 7.7968e+00
 7.9703e+00
 7.8822e+00
 7.5519e+00
 6.9640e+00
 6.0596e+00
 5.0219e+00
 4.2209e+00
 3.8392e+00
 3.8563e+00
 4.1512e+00
 1.7456e+00
 4.2709e+00
 5.1326e+00
 5.3172e+00
 5.3285e+00
 5.1939e+00
 5.0051e+00
 3.7965e+00
 3.7409e+00
 3.9001e+00
 4.2891e+00
 6.3721e+00
 6.8650e+00
 7.3432e+00
 7.7162e+00
 7.8673e+00
 7.8965e+00
 7.6419e+00
 7.3610e+00
 7.1966e+00
 6.4844e+00
 6.2559e+00
 6.6852e+00
 6.2038e+00
 5.4986e+00
 4.6312e+00
 3.8807e+00
 3.4986e+00
 3.4239e+00
 3.5804e+00
 1.1174e+00
 3.6239e+00
 4.4491e+00
 4.5914e+00
 4.5348e+00
 4.2664e+00
 3.9558e+00
 2.7616e+00
 2.8502e+00
 3.1470e+00
 3.5682e+00
 5.5762e+00
 5.9568e+00
 6.3059e+00
 6.5737e+00
 6.7014e+00
 6.8330e+00
 6.7630e+00
 6.6519e+00
 6.5320e+00
 6.4584e+00
 6.2586e+00
 6.0840e+00
 5.7612e+00
 5.2836e+00
 4.6054e+00
 3.9162e+00
 3.5278e+00
 3.4000e+00
 3.5156e+00
 1.0275e+00
 3.5354e+00
 4.2930e+00
 4.3384e+00
 4.2208e+00
 3.9221e+00
 3.6267e+00
 2.5133e+00
 2.6801e+00
 2.9790e+00
 3.3308e+00
 5.2191e+00
 5.4258e+00
 5.5704e+00
 5.6522e+00
 5.6611e+00
 5.7887e+00
 5.8156e+00
 5.8135e+00
 5.7717e+00
 5.7361e+00
 5.5762e+00
 5.5162e+00
 5.3370e+00
 5.0218e+00
 4.5238e+00
 3.9367e+00
 3.5395e+00
 3.3708e+00
 3.4568e+00
 5.8631e-01
[ CPUDoubleType{2100,1} ]
