-3.1824e+00
-4.3356e+00
-4.5820e+00
-4.9311e+00
-5.3592e+00
-5.6643e+00
-3.9924e+00
-1.9672e+00
-7.6412e-01
-8.7419e-01
-1.4545e+00
 2.1356e+00
 1.5863e+00
 9.3735e-01
-6.2514e-01
-1.7586e+00
-1.7253e+00
-1.0954e+00
-1.3067e+00
-1.4181e+00
-2.4957e+00
-2.6755e+00
-1.1781e+00
-6.4219e+00
-2.4803e+01
-3.7111e+01
-3.8996e+01
-1.8414e+01
 6.6417e+00
 5.2944e+00
-2.9112e+00
-4.2440e+00
-4.5915e+00
-5.0734e+00
-5.5408e+00
-5.8083e+00
-4.2210e+00
-1.8506e+00
-1.0581e-01
-5.5740e-01
-1.4307e+00
 2.1510e+00
 1.7212e+00
 9.9780e-01
-5.7561e-01
-1.7646e+00
-1.6095e+00
-6.3271e-01
-1.4253e+00
-2.1482e+00
-3.4460e+00
-4.4445e+00
-3.8634e+00
-5.5114e+00
-2.7850e+01
-4.7127e+01
-4.5067e+01
-1.4886e+01
 1.5889e+01
 8.9871e+00
-2.7035e+00
-4.1376e+00
-4.5492e+00
-5.1544e+00
-5.7034e+00
-5.9788e+00
-4.5379e+00
-2.4070e+00
-3.7751e-01
-8.1684e-01
-1.7191e+00
 2.0593e+00
 1.5778e+00
 8.3411e-01
-5.2675e-01
-1.9671e+00
-1.7575e+00
-4.3114e-01
-8.7117e-01
-2.2340e+00
-3.9733e+00
-6.9672e+00
-8.0728e+00
-5.8909e+00
-2.2527e+01
-4.0121e+01
-3.5820e+01
-7.3119e+00
 2.4460e+01
 1.5378e+01
-1.0789e+00
-3.3399e+00
-3.6655e+00
-4.4824e+00
-5.6614e+00
-6.3563e+00
-5.2003e+00
-3.1604e+00
-7.2348e-02
-3.0807e-02
-9.4791e-01
 2.3010e+00
 1.6866e+00
 1.0443e+00
 2.2486e-01
-1.2666e+00
-1.2766e+00
 3.0709e-01
 5.1756e-01
-1.4538e+00
-4.0440e+00
-6.6828e+00
-6.8135e+00
-3.7680e+00
-1.7368e+01
-3.3009e+01
-2.6652e+01
 1.4571e+00
 2.7715e+01
 1.9214e+01
-1.1225e+00
-3.4275e+00
-3.6142e+00
-4.2383e+00
-5.4256e+00
-6.1646e+00
-5.1235e+00
-4.0015e+00
-7.5096e-01
-1.0732e-01
-1.1691e+00
 1.9520e+00
 1.1820e+00
 8.1392e-01
 9.1660e-01
-4.1479e-01
-8.3907e-01
 9.9484e-01
 1.1564e+00
-1.2680e+00
-3.8777e+00
-4.8640e+00
-5.1522e+00
-2.3234e+00
-1.4465e+01
-3.5097e+01
-2.6098e+01
 3.1382e+00
 2.7587e+01
 1.9692e+01
-1.2810e+00
-3.5954e+00
-3.6322e+00
-3.9596e+00
-4.6607e+00
-5.0308e+00
-4.0428e+00
-3.6708e+00
-1.3211e+00
 2.1202e-01
-1.2734e+00
 1.6741e+00
 8.6402e-01
 6.2813e-01
 1.5822e+00
 1.2572e+00
 9.5104e-02
 1.7580e+00
 1.0772e+00
-1.4492e+00
-2.9205e+00
-3.6583e+00
-3.5177e+00
-5.6874e-01
-8.0219e+00
-3.7117e+01
-3.1562e+01
-1.6692e+00
 2.1491e+01
 1.7727e+01
-1.4805e+00
-3.6802e+00
-3.5534e+00
-3.5536e+00
-3.6895e+00
-3.5513e+00
-2.7552e+00
-2.8018e+00
-1.4295e+00
 1.3768e+00
-8.8154e-01
 1.5286e+00
 4.5120e-01
-4.8764e-01
 6.9607e-01
 1.9137e+00
 8.1270e-01
 1.2491e+00
 1.7135e-01
-1.0198e+00
-3.2160e+00
-3.3796e+00
-2.1975e+00
 3.1297e+00
 9.8116e+00
-1.8980e+01
-2.4288e+01
 1.5483e+01
 2.5302e+01
 1.7004e+01
-2.1203e+00
-3.6812e+00
-3.6318e+00
-3.3623e+00
-2.9985e+00
-2.6682e+00
-1.9460e+00
-1.9330e+00
-1.8347e+00
 2.7003e+00
-6.0733e-01
 1.1085e+00
-2.1663e-01
-2.4603e+00
-9.3751e-01
 8.5823e-01
 4.9680e-01
-4.7361e-02
-2.8464e-01
-3.1669e-01
-3.0924e+00
-1.7951e+00
 8.4754e-01
 6.8659e+00
 3.1242e+01
 3.4292e+01
 7.5319e+00
 5.4880e+01
 4.3078e+01
 1.7139e+01
-1.5759e+00
-3.6823e+00
-3.8683e+00
-3.7908e+00
-3.1831e+00
-2.7907e+00
-1.6853e+00
-1.6233e+00
-2.7690e+00
 5.9214e-01
-2.4210e+00
-2.5525e-01
-4.8393e-01
-2.0189e+00
-2.3853e-01
 1.0616e+00
-3.9437e-01
-1.9352e+00
 4.5495e-01
-1.0595e+00
 1.7314e-01
 3.1053e+00
 6.1292e-01
-7.6311e+00
 2.9563e+01
 8.3395e+01
 5.8679e+01
 7.9590e+01
 5.2806e+01
 1.6974e+01
-7.0609e-01
-2.6876e+00
-3.0362e+00
-3.3001e+00
-2.4490e+00
-1.2739e+00
 3.5176e-01
 1.3934e+00
-8.0998e-01
-3.0577e+00
-4.5611e+00
-1.1612e+00
 7.5160e-01
 2.7827e-01
 2.8979e+00
 4.0517e+00
 5.0471e-01
-3.2325e+00
-2.8192e+00
-3.8010e+00
 3.7267e+00
 7.7943e+00
-8.0279e+00
-4.6516e+01
 2.1835e+01
 1.0684e+02
 1.0310e+02
 8.3018e+01
 3.0701e+01
 4.6350e+00
-1.6152e+00
-2.8606e+00
-2.9819e+00
-3.1454e+00
-1.6597e+00
 1.3034e+00
 3.1021e+00
 5.3197e+00
-7.0063e-01
-4.0061e+00
-2.5168e+00
 1.0731e+00
 2.7880e+00
 2.8487e+00
 6.7494e+00
 7.1691e+00
 3.8921e+00
-3.6724e+00
-1.1166e+01
-3.1507e+00
 6.4776e+00
-2.0036e+00
-2.1361e+01
-4.9732e+01
 3.7869e+01
 1.2606e+02
 1.1602e+02
 5.5281e+01
-1.7617e+00
-8.7220e+00
-2.3728e+00
-3.2045e+00
-3.2489e+00
-3.7773e+00
-1.7114e+00
 3.3322e+00
 5.7881e+00
-6.6204e+00
-6.9224e+00
 1.6505e+00
-4.6963e-02
 2.2267e+00
 3.1784e+00
 3.6073e+00
 1.1138e+01
 1.0988e+01
 5.6464e+00
-2.9783e+00
-2.4926e+00
-1.3133e+01
-1.2523e+01
-4.9947e+00
-1.5919e+00
-2.9674e+01
 6.8925e+01
 1.5947e+02
 1.1041e+02
-1.0981e+01
-1.9626e+01
-4.5015e+00
-2.3283e+00
-3.4922e+00
-4.5046e+00
-5.6265e+00
-2.8797e+00
 2.0766e+00
 6.9794e+00
 8.9783e+00
-3.7299e+00
 5.0902e+00
 6.7357e-01
 3.0451e+00
 3.3301e+00
 3.0997e+00
 1.4555e+01
 9.4294e+00
-4.9578e+00
 2.4393e+00
-1.7022e+01
-7.3034e+00
 2.7506e+01
 3.5023e+01
 2.9022e+01
-9.7332e-01
 1.1941e+02
 1.5080e+02
 4.6218e+01
-6.5359e+01
-2.7050e+01
 2.1222e+01
-1.7004e+00
-3.0559e+00
-4.7927e+00
-7.2767e+00
-3.2652e+00
 1.1783e+00
 3.6228e+00
 1.0375e+01
-1.1709e+01
-3.2069e+00
 3.9712e-01
 2.7701e+00
 2.5032e+00
 1.2155e-01
 9.3215e+00
-7.0759e-01
-1.2517e+01
-7.2198e+00
 1.1501e+01
 2.3404e+01
 2.1192e+01
 2.2831e+01
 1.6850e+01
 5.4272e+00
 2.3593e+02
 9.8686e+01
-4.8653e+01
-8.8348e+01
-1.5017e+01
 6.8654e+01
-1.5904e+00
-7.8552e-01
 3.2794e-01
-2.6956e+00
-1.7956e+00
 2.6676e+00
 4.5578e+00
 2.1117e+00
-1.3415e+01
 8.5401e-01
-1.2045e+00
-1.9588e-01
-5.7678e-02
-5.2225e+00
-2.7502e+00
-5.1567e+00
-1.8817e+01
 1.5104e+01
 2.8274e+01
 1.0865e+00
 1.3135e+01
 2.0810e+01
 9.7535e+00
 3.7684e+00
 4.0088e+02
-1.5364e+01
 3.4254e+01
-5.8497e+01
 2.6034e+01
 2.0830e+01
 2.4836e+00
-4.7820e-01
 2.1405e+00
 2.2829e+00
 3.2863e+00
 2.8428e+00
 1.2742e+00
 5.4593e+00
 1.2862e+01
 1.2854e+00
-4.7420e+00
-1.8904e+00
-1.4329e+00
-6.7993e+00
-7.6920e+00
 3.2768e-01
-1.1829e+01
 1.5440e+01
 1.3588e+01
-1.8556e+01
 8.4278e-01
 9.4596e+00
-1.8573e+00
-6.4101e+00
 4.1691e+02
-6.7995e+01
 3.4429e+01
-4.4319e+01
 5.7409e+00
 9.8932e+00
 7.6975e-01
-1.5754e+00
-3.4745e-01
 9.3421e-01
 9.3853e+00
 4.1706e+00
-1.7992e+00
 4.1319e-01
 4.2066e+00
 3.1469e+00
-5.5761e+00
-5.8834e-01
-1.5227e+00
-4.0319e+00
-3.2889e+00
 1.8818e+00
 3.4554e+00
-3.2862e+01
-3.6031e+01
-1.9175e+01
 1.0712e+00
 8.7156e-01
-1.0591e+01
-1.4096e+01
 2.6873e+02
 2.5204e+00
-1.1122e+02
-9.3213e+01
-2.4647e+01
-3.1269e+00
-2.6978e+00
-2.9204e+00
-2.3315e+00
-3.7075e+00
 1.3178e+01
 8.6971e-01
 2.5741e+00
-2.5413e+00
 3.9183e+00
-3.9866e+00
 9.9437e+00
 7.4813e-01
-1.8794e-01
 2.6022e-01
 2.0579e+00
-6.7506e+00
-2.9883e+01
-1.9401e+01
-1.1728e+01
-9.8374e+00
 3.2103e+00
 5.6870e+00
 1.8412e+00
 2.5174e+00
 1.4861e+02
 2.2592e+01
-1.0891e+02
-6.8788e+01
-2.8703e+01
-5.5887e+01
 2.2129e+00
-2.9249e+00
-8.0086e+00
-4.8507e+00
 1.0449e+01
-4.9825e+00
-2.1350e+00
-7.1542e+00
-2.3385e+01
-4.9405e+00
 1.6566e+00
-3.9739e-01
-1.0031e+00
 1.3797e+00
 9.4066e-01
 3.7178e-01
-2.9592e+01
-3.4420e+00
 1.9153e+01
 2.8453e+01
 2.1689e+01
 2.6891e+01
 1.7177e+01
 4.0258e+01
 6.6565e+01
-3.6799e+01
 5.6156e+01
 1.1343e+01
-8.5116e+01
-1.1530e+02
-3.1656e+00
 2.0244e+00
 4.7111e+00
 9.1870e-01
-1.1133e+00
-1.3585e+01
-1.8157e+01
-1.5257e+00
-5.2247e+00
 2.2859e+01
 3.1062e+00
 1.0576e+00
-4.6619e+00
-2.5545e+00
-2.0491e-01
 3.2736e-01
 4.7147e+01
 5.4454e+01
 3.8699e+01
 2.7481e+01
 2.9712e+01
 5.8287e+01
 4.3025e+01
 7.1987e+01
 1.3999e+01
-1.1555e+02
 1.2111e+02
 4.0108e+01
 2.1545e+01
-4.6102e+01
 4.3862e-01
-3.1586e+00
-6.0687e+00
-6.6900e+00
 6.2049e+00
 7.5961e+00
 1.3188e+01
 1.3523e+01
-2.4176e-01
 1.1005e+01
 2.3996e+00
 1.3960e+00
-1.8243e+00
 5.7169e+00
 9.7356e+00
 1.9530e+01
-7.9202e+00
 7.0809e+00
 4.0468e+01
 1.6963e+01
 2.6040e+01
 3.6780e+01
 2.7064e+01
 7.6901e+01
 3.4817e+01
 1.2345e+02
 3.5120e+02
 2.2907e+02
 9.9378e+01
-5.1681e+01
-1.0295e+01
-1.3534e+01
-1.0551e+01
-1.7839e+00
 8.0635e-01
-5.6135e+00
-5.0030e+00
 8.2452e+01
-1.0508e+02
 3.6624e+00
 3.1696e+01
-4.1485e+00
 2.2178e-01
-2.6036e+00
-1.0136e+01
 1.2528e+01
-5.1753e+01
 1.8965e+01
 2.4103e+01
 2.6024e+01
-3.6434e+00
 5.7354e+00
-6.0779e+00
-1.2715e+01
 1.5003e+01
 3.9797e+02
 7.3300e+02
 2.0709e+02
 1.3631e+02
-1.8567e+01
 1.5567e+00
-2.7830e+00
-5.7542e+00
-9.5813e+00
-1.4911e+01
-2.4564e+01
-3.4507e+01
-5.7925e+01
 5.5614e+01
 1.4713e+01
 1.1062e+01
-3.0659e+01
 1.7928e+00
 2.4114e-01
 4.8368e+00
 2.2867e+01
 3.2331e+01
 3.6101e+01
-7.9491e+00
-4.1356e+01
-4.3574e+01
-1.8109e+01
-2.5957e+01
-3.7453e+01
 2.9923e+00
 8.3037e+02
 4.1145e+02
-8.5582e+01
 1.1223e+02
 5.5548e+01
 1.8562e+01
 1.4143e+01
 9.8232e+00
 3.1659e+00
-7.7045e+00
-3.0599e+00
 3.7581e+01
-2.2564e+01
 8.7179e+01
 6.9709e+00
-2.0012e+01
 2.1875e+00
 6.5987e+00
 2.6428e+00
-3.0475e+01
 3.2361e+01
 9.9949e+00
-4.3033e+01
-8.2581e+01
-8.9892e+01
-3.6428e+01
 2.6592e+01
 9.5573e+00
-2.2586e-01
 4.9181e+01
 1.5159e+03
-4.3890e+02
-1.4421e+02
 1.4760e+02
 1.6069e+02
-1.1420e+01
-1.7516e+01
-2.1110e+01
-1.4082e+01
-2.2367e+00
 5.7980e-01
-5.5579e+01
 1.2957e+02
 9.0991e+02
 7.1733e+01
 5.4791e+01
-2.2957e+01
-3.0336e+00
-2.1583e+00
 2.5049e+01
-8.0806e+01
-3.3397e+01
-3.9338e+00
 1.6425e+01
 1.7378e+01
 3.6365e+01
 5.5265e+01
 2.8397e+01
 8.6586e+00
 1.9344e+01
 1.3124e+03
-4.1325e+02
-1.3387e+02
-5.9369e+01
 2.1661e+02
-2.1461e+00
-1.1143e+01
-1.5427e+01
-2.7371e+01
-5.3005e+01
-6.9707e+01
-2.3043e+00
 2.0900e+02
-2.8430e+01
-8.1311e+01
 1.3200e+01
 8.5144e+00
 4.6803e+00
-2.3596e-01
-1.0194e+01
 6.7676e+01
 6.5374e+01
 4.5465e+01
 6.7089e+01
 4.7977e+01
 3.8677e+01
 6.9629e+01
 3.5545e+01
-3.0782e+01
 5.4621e+01
 4.4342e+02
-1.3342e+02
-2.2470e+01
-1.1949e+02
 1.5103e+02
-3.1134e+00
-8.9839e+00
-9.5650e+00
-8.5395e+00
-3.9050e+00
 1.1630e+02
 5.4479e+01
-5.2273e+01
 1.2553e+01
-6.1025e-01
-1.4929e+01
-8.4998e+00
-8.8343e+00
 1.0758e+00
 9.1827e+00
-2.1185e+00
-4.7260e+01
 3.1060e+01
 4.6240e+01
-2.9189e-01
 1.5603e+01
 2.2420e+01
 3.4118e+01
-4.3448e-01
 4.1799e+00
 3.1420e+02
 1.1906e+02
 9.1183e+01
-8.4335e+01
 1.2414e+01
-7.7271e+00
-5.0330e+00
-1.3503e+00
 1.8187e+00
 4.3250e+01
 9.2476e+01
-7.3489e+00
-1.9185e+01
 2.6070e+01
 1.6469e+01
 3.2027e+00
 5.9829e+00
 1.0328e+01
 1.0880e+01
 8.4501e+00
-7.6642e+00
 1.6778e+00
-1.1783e+01
-2.0321e+00
 6.7505e+00
 5.4264e+00
 9.0498e+00
 2.0849e+00
-5.9272e+01
 7.9906e+01
 1.3433e+02
-1.3689e+02
-6.8935e+01
-3.9624e+01
-4.5151e+01
 3.1101e+00
 8.8268e+00
 6.0329e+00
 2.1995e+01
 5.3025e+01
 3.6542e+01
-4.5257e+01
 2.2414e+01
-2.2798e+00
 2.1410e+01
-1.9725e+00
-3.2773e+00
-3.2148e+00
-2.6345e-01
-1.1769e+00
-4.8435e+00
 1.5366e+01
 1.5317e+00
-8.4029e+00
-2.0019e+01
 4.8514e+01
 1.2149e+01
-4.0756e+01
 1.9706e+01
 8.3775e+01
 6.0574e+01
 3.2917e+01
 1.6780e-01
 3.8450e+01
-1.4968e+01
 9.2950e+00
 1.4111e+00
 2.1114e+00
 2.5265e+01
 1.6030e+01
-1.2813e+01
-4.8858e+00
 1.2395e+01
-5.3060e+00
-3.4466e+00
 3.5334e+00
-1.3718e+00
 1.4965e+00
-1.7602e+00
-5.0335e+00
-9.1672e+00
-2.6955e+00
-1.3012e-02
-8.5838e+00
-1.1944e+01
-3.5178e+00
 3.3045e+01
-2.5920e+01
 3.2073e+01
-1.4609e+01
-8.6941e+01
 4.8765e+00
-8.1246e+01
 1.6539e+01
 1.3303e+00
-8.2102e+00
-2.0327e+01
 4.6541e+00
 2.2000e+01
 1.2830e+01
-8.8814e+00
-8.7191e+00
-1.5169e+01
 3.4497e+00
-3.2651e+00
 9.1374e-01
-1.9991e+00
-1.0556e+00
-4.4067e+00
-1.0876e+01
-4.2894e+00
-5.4950e+00
 4.2740e+00
 1.1364e+01
-5.8325e+00
 1.9840e+00
 6.0203e+00
 1.5433e+01
 8.9533e+00
-3.9871e-01
-9.2477e-01
-3.4989e+01
 1.2155e+00
 1.8789e+01
 1.2374e+01
-2.1559e+01
-9.6847e+00
 2.7099e+01
 3.1322e+01
 4.4760e+00
-8.6353e+00
-8.2296e+00
-2.2540e+00
 2.0730e+00
-1.5903e-01
 5.4537e-01
 4.8454e-01
 1.0082e+00
 8.7651e-01
-5.2273e+00
-5.1311e+00
-2.0934e+00
 4.3707e+00
 9.6455e+00
-3.7432e+00
-5.3314e-01
 1.1986e+00
 1.4623e+01
 9.1448e+00
-2.0305e+00
 1.2590e+01
-5.6760e+00
-6.0428e+01
 1.1150e+01
 7.5695e+00
-1.7847e+01
 1.2236e+01
 2.7169e+01
 2.5664e+01
-7.8838e+00
-9.7736e+00
-8.5752e+00
 3.6740e+00
-4.3053e+00
-7.8808e-01
 5.5585e-01
 5.2148e-01
 1.6810e+00
 4.7243e+00
 4.6472e+00
-3.8474e-01
 1.7448e-01
-3.0447e-01
 6.4438e+00
-6.5368e+00
-4.6139e+00
 3.4598e+00
-4.6365e+01
 1.1815e+01
-1.5887e+01
 1.9139e+01
-3.5680e+01
-4.0244e+01
 4.1546e-01
 1.9806e+01
-5.1305e+00
 1.2608e+01
 2.0209e+01
 1.0262e+01
-6.8443e+00
-6.2292e+00
-5.4035e+00
 5.5336e+00
-6.2165e+00
-1.0503e+00
 3.2980e-02
 2.4511e+00
 2.3674e+00
 5.1152e+00
 6.0942e+00
 1.4295e+00
-4.2288e+00
 7.5482e-02
 7.5071e+00
 3.9070e+00
 1.9006e+01
 3.0008e+01
-9.6553e+00
 6.1331e+00
 9.0928e+00
 1.0124e+01
-2.5016e+01
-1.2434e+01
-4.4035e+00
 2.9136e+01
-1.4517e+00
 1.0265e+01
 1.2858e+01
 2.4716e+00
-5.6493e+00
-6.9742e+00
 1.9058e-01
 4.1697e-01
-4.4448e+00
-1.2844e+00
-2.9745e-01
 3.6222e+00
 2.8753e+00
 1.9040e+00
 3.6710e+00
 2.4132e+00
-7.6489e-02
 9.5407e-01
 6.3685e+00
 2.0362e+00
 9.9049e+00
 7.6784e+00
-5.9667e+00
-3.6957e+00
-5.4213e+00
 5.9087e+00
-3.5846e+01
 1.2383e+01
-2.4743e+00
 3.7863e+00
-2.0088e-01
 9.1726e+00
 7.8826e+00
 8.1912e-01
-4.7929e+00
-6.7520e+00
-6.4012e-01
 6.5665e-01
-1.5133e+00
-1.6760e+00
-6.3965e-01
 9.8290e-01
 1.8290e+00
 6.0257e-01
 3.9419e+00
 5.6476e+00
 4.1855e+00
 1.9135e+00
-4.1354e-01
-9.2027e+00
 1.0313e+01
 1.7631e+01
-1.3485e+01
 4.5001e+00
-6.3661e-01
 4.0045e+00
-2.8826e+01
 7.0953e+00
-9.4403e+00
 1.3120e+01
 3.2812e+00
 9.9611e+00
 8.6899e+00
 1.4332e+00
-3.0974e+00
-5.7552e+00
-2.2729e-01
 4.8232e+00
 2.3572e+00
 6.2124e-02
 1.4273e+00
 1.1932e+00
 9.9694e-03
-1.2626e+00
-8.9323e-01
 2.9484e+00
 3.8800e+00
 2.9782e+00
 6.2638e+00
-7.2821e+00
-2.7020e+00
 1.6709e+01
-1.2447e+01
-1.3244e+01
 2.5422e+00
 4.6092e+00
-1.1443e+01
 6.9189e+00
-7.3172e+00
 2.1093e+01
 3.6173e+00
 7.0245e+00
 7.3114e+00
 1.4306e+00
-2.8971e+00
-5.1540e+00
-1.5340e+00
 4.7845e+00
 2.4133e+00
-4.6093e-01
 1.8223e+00
 3.5157e+00
 1.7934e+00
 1.5087e+00
 1.1673e+00
 4.8618e+00
 3.7100e+00
 4.8100e-01
-1.2559e+00
-4.4839e+00
-4.4284e+00
 1.6770e+01
 1.3462e+01
-2.1538e+01
-4.5304e+00
-2.8352e+00
-1.9346e+01
-1.0734e+01
-8.2709e+00
 6.5974e+00
 2.9744e+00
 5.9215e+00
 5.6740e+00
 2.1868e+00
-1.2834e+00
-3.6408e+00
-6.9596e-01
 4.0977e+00
 1.4706e+00
-1.7288e+00
 2.3802e+00
 6.1869e+00
 5.0553e+00
 1.2053e+00
 7.8846e-01
 4.5798e+00
 9.5875e+00
 8.3277e+00
 2.3862e+00
-8.1345e+00
 4.8995e-01
 1.9059e+01
 2.1194e+01
-2.0442e+01
 6.1372e+00
-2.2159e+00
-1.2545e+01
-2.0794e+01
-3.1754e-01
 4.6020e+00
 1.2297e+00
 4.6429e+00
 5.4725e+00
 3.1353e+00
 9.4503e-01
-1.5754e+00
 7.5347e-01
 4.9136e+00
 3.7144e+00
-1.8127e+00
-3.8557e+00
-1.2599e+00
-1.1484e+00
-9.7940e-01
-8.9010e-02
 9.3734e-01
 3.8342e+00
 5.9217e+00
 8.8631e+00
-2.5708e+00
 4.6063e+00
 4.5304e+00
 1.8983e+01
 1.2467e+01
 6.1862e-01
 2.6919e+01
-7.9596e+00
-8.1115e+00
 1.1916e+01
-4.3960e+00
-3.5584e-01
 2.7027e+00
 4.4548e+00
 2.7673e+00
 1.3757e+00
-5.9764e-01
 4.1561e-01
 3.3520e+00
 3.1699e+00
-1.8346e+00
-2.5885e+00
-8.3875e-01
-6.9702e+00
-3.4227e+00
-1.4600e+00
 5.1417e-01
 2.7918e+00
 7.0668e+00
 1.0817e+01
 4.2728e+00
 1.3217e+01
 1.6534e+01
 2.7917e+01
 7.4198e+00
 2.1892e+00
 6.8403e+00
 2.3629e+01
 5.7536e-01
 1.7355e+01
-1.2265e+01
-6.1075e-01
 1.6764e+00
 2.7713e+00
 1.4723e+00
 1.8517e+00
-6.1318e-01
-8.7214e-01
 2.2584e+00
 5.2533e+00
 1.1461e+00
 6.8760e-01
-8.5611e-01
 3.3488e+00
 1.3951e+00
-9.5008e-01
 6.8472e-01
 2.3785e+00
 6.9666e+00
 8.3458e+00
-6.1316e+00
 2.3235e+01
 1.2503e+01
-1.1470e+01
 3.9699e+00
 8.5599e+00
-2.6240e+00
-1.5978e+00
 1.5124e+01
 9.6801e-01
-1.2174e+01
 8.7721e-04
 8.9490e-01
 2.3146e+00
 2.3078e+00
 1.0837e+00
 1.2008e+00
 1.0460e+00
 3.9834e+00
 5.5928e+00
 3.0011e-01
 2.3219e-01
 1.4715e+00
 4.6001e+00
 3.3559e+00
 4.0267e+00
 9.2669e+00
 9.2155e+00
 9.0553e+00
-2.3836e+00
-1.2874e+01
 8.9740e+00
 1.4541e+01
-3.4669e+00
 4.0501e+00
-3.4484e-01
 1.3640e+00
-5.6876e-01
-1.6024e+00
 1.4283e+01
-9.8722e+00
 1.8822e-01
 1.3602e+00
 2.5007e+00
 2.2212e+00
 1.0146e+00
-3.3606e-01
 4.3953e-01
 3.8610e+00
 8.8703e+00
 6.1265e+00
 2.6514e+00
 1.7985e+00
 3.4735e+00
 6.2492e+00
 1.0402e+01
 8.4000e+00
 7.2507e+00
 4.6398e+00
 4.8254e+00
-8.8457e+00
 2.0166e+01
-1.1730e+01
 1.5136e+00
 8.8888e+00
-4.1266e+00
-2.0508e+00
-1.1169e-01
 1.0434e+01
 1.0737e+01
 1.3487e+00
 1.1380e+00
 1.0119e+00
 7.3061e-01
 2.2607e+00
 1.7008e+00
-6.1530e-01
-1.4933e+00
 1.1418e+00
 2.4317e+00
-3.7796e-01
-2.1812e-01
 6.1780e-01
 3.6327e+00
 6.7119e+00
 7.8360e+00
 5.1375e+00
 6.2635e+00
 1.4098e+01
 7.0836e+00
 9.2788e-01
 2.6427e+01
 5.3091e-01
-1.0633e+01
 7.2512e-01
 1.6930e+01
 3.8601e+00
-1.6520e+00
-4.4306e+00
 3.0048e+00
 2.3059e-01
 9.8506e-01
 1.4028e+00
 1.4656e+00
 3.1507e+00
 3.0295e+00
 1.6683e+00
 9.3402e-01
 2.6041e+00
 5.5663e+00
 4.4787e+00
 2.7815e+00
 2.4196e+00
 5.4139e+00
 6.2456e+00
 5.9062e+00
 3.8174e+00
 6.8832e+00
 1.3252e+01
 1.0090e+01
 1.8945e+01
 6.7564e+00
 9.8035e+00
 7.7354e+00
-1.7221e-01
-1.2884e+01
 3.1407e+00
 5.6399e+00
 6.7147e+00
 1.1433e+01
-3.9936e+00
 1.5999e+00
 9.5241e-01
 1.8873e+00
 3.5300e+00
 3.5080e+00
 2.1868e+00
 1.1019e+00
 2.4943e+00
 4.1267e+00
 5.3511e+00
 4.3457e+00
 4.3157e+00
 4.4106e+00
 6.4793e+00
 8.4612e+00
 7.8695e+00
 1.0651e+01
 1.9199e+01
 2.1821e+01
 1.4691e+01
 2.2323e+01
 1.8793e+01
-2.2973e+00
 4.0763e+00
 1.1469e+01
 1.5026e+01
 9.9564e+00
 2.7239e+01
 3.9701e+00
-7.5052e+00
 1.7178e+00
 1.4373e+00
 1.2549e+00
 2.7321e+00
 4.1940e+00
 2.4836e+00
 9.6161e-01
 2.7949e-01
 1.6531e+00
 4.0971e+00
 4.8230e+00
 6.4871e+00
 8.0136e+00
 6.6346e+00
 5.1592e+00
 4.8082e+00
 1.4160e+01
 1.2631e+01
 1.5473e+01
 1.0237e+01
 2.8975e+01
 3.9206e+01
 1.9191e+01
 3.5146e+00
-3.5238e+00
-2.9140e+00
 8.3090e+00
 5.6302e+01
 9.7847e+00
-3.2518e-01
 2.4606e+00
 2.8472e+00
 2.6909e+00
 3.2586e+00
 3.5539e+00
 3.7770e+00
 3.0257e+00
 2.2934e+00
 3.6155e+00
 7.6979e+00
 8.5302e+00
 6.0902e+00
 4.7882e+00
 4.4450e+00
 8.1735e+00
 1.3187e+01
 1.2110e+01
 2.1523e+01
 7.7731e+00
 1.3480e+01
 1.8186e+01
 2.8270e+01
 1.3455e+01
 9.7945e+00
 1.2728e+01
 6.0415e+00
-2.4037e+00
 2.5615e+01
 1.8499e+01
 4.9224e+00
 2.8210e+00
 2.9024e+00
 2.0837e+00
 2.6735e+00
 3.4902e+00
 3.6215e+00
 3.8861e+00
 4.1504e+00
 5.3828e+00
 7.7393e+00
 6.6643e+00
 3.9205e+00
 2.4016e+00
 5.9330e+00
 1.5420e+01
 1.1321e+01
 1.4587e+01
 2.2169e+01
 1.0694e+01
 1.4697e+01
 1.5942e+01
 9.5159e+00
 1.4333e+01
 1.2286e+01
 1.4470e+01
 1.6244e+01
 5.3582e+00
 1.3009e+01
 1.1787e+01
-6.3704e+00
 2.6965e+00
 3.5368e+00
 3.0466e+00
 2.4874e+00
 2.3512e+00
 2.7376e+00
 4.4409e+00
 6.1485e+00
 5.2558e+00
 6.6244e+00
 6.5978e+00
 5.4795e+00
 6.4593e+00
 1.4585e+01
 1.2559e+01
 1.3071e+01
 1.0329e+01
 2.1962e+01
 1.3692e+01
 2.1922e+01
 9.4135e+00
 5.1968e+00
 1.2309e+01
 1.2172e+01
 1.4143e+01
 1.3219e+01
 1.0140e+01
 1.0347e+01
 1.2417e+01
-1.6348e+01
 2.1564e+00
 3.5322e+00
 3.0530e+00
 2.5377e+00
 2.5186e+00
 2.8338e+00
 4.3531e+00
 4.9339e+00
 4.8905e+00
 5.6988e+00
 5.9977e+00
 5.7456e+00
 8.6772e+00
 1.3649e+01
 1.3571e+01
 5.8784e+00
 1.7557e+01
 1.9255e+01
 1.7924e+01
 1.1385e+01
 1.3755e+01
 7.1584e+00
 1.0515e+01
 6.7904e+00
 1.4471e+01
 9.6137e+00
 7.6629e+00
 9.3839e+00
 4.7903e+00
-1.1419e+01
 2.3825e+00
 2.9335e+00
 2.8183e+00
 2.6438e+00
 2.7555e+00
 3.2495e+00
 4.2063e+00
 4.5100e+00
 4.3977e+00
 4.2604e+00
 4.1137e+00
 4.2445e+00
 1.4570e+01
 1.2753e+01
 6.9008e+00
 5.1789e+00
 2.2354e+01
 2.1082e+01
 1.0588e+01
 1.0960e+01
 1.8954e+01
 6.7827e+00
 8.5270e+00
 6.5996e+00
 1.2402e+01
 7.4338e+00
 5.6122e+00
 6.5344e+00
 3.1317e+00
-4.5473e-02
 2.4558e+00
 2.7685e+00
 3.0264e+00
 3.0029e+00
 3.0585e+00
 3.0976e+00
 3.7744e+00
 3.5477e+00
 3.2705e+00
 2.5766e+00
 2.9155e+00
 1.1080e+01
 1.4451e+01
 6.2805e+00
 7.2286e+00
 9.0944e+00
 2.6945e+01
 1.3399e+01
 8.1161e+00
 1.2241e+01
 2.0830e+01
 4.7958e+00
 8.5558e+00
 6.5867e+00
 7.9583e+00
 5.0594e+00
 6.8522e+00
 4.1868e+00
 2.2800e+00
-1.7311e-01
 2.4797e+00
 3.8865e+00
 4.0195e+00
 3.8628e+00
 3.7716e+00
 3.1247e+00
 1.8765e+00
 2.0022e+00
 1.9950e+00
 1.9122e+00
 9.2073e+00
 1.4097e+01
 9.9562e+00
 8.7309e+00
 1.1221e+01
 1.4446e+01
 1.9240e+01
 9.8772e+00
 9.4445e+00
 1.3387e+01
 2.3429e+01
 5.2643e+00
 1.0312e+01
 5.6437e+00
 4.3208e+00
 2.2053e+00
 6.5905e+00
 3.5792e+00
 7.4091e-01
-3.0942e+00
 2.3789e+00
 3.6088e+00
 3.6771e+00
 3.4188e+00
 3.0441e+00
 2.5783e+00
 1.5241e+00
 1.8803e+00
 2.1241e+00
 5.2166e+00
 9.7224e+00
 9.2435e+00
 9.2712e+00
 1.0620e+01
 1.3761e+01
 1.1049e+01
 1.3138e+01
 1.0047e+01
 1.0786e+01
 1.2820e+01
 2.2932e+01
 6.0383e+00
 8.5959e+00
 3.4339e+00
 3.2598e+00
 1.9888e+00
 5.5214e+00
 4.6012e+00
 6.5526e-01
-3.4943e+00
 2.4387e+00
 3.3526e+00
 3.5190e+00
 3.2068e+00
 2.8049e+00
 2.5420e+00
 1.5766e+00
 1.8461e+00
 3.7779e+00
 6.3480e+00
 7.0532e+00
 7.8798e+00
 9.9772e+00
 1.2162e+01
 1.2046e+01
 6.6972e+00
 1.0251e+01
 1.2021e+01
 1.1891e+01
 1.2100e+01
 2.1177e+01
 7.7788e+00
 6.4455e+00
 2.5621e+00
 3.4973e+00
 2.8772e+00
 3.8339e+00
 4.7100e+00
 1.9680e+00
-2.9664e+00
 2.3137e+00
 3.2991e+00
 3.5427e+00
 3.2394e+00
 2.9096e+00
 2.5814e+00
 1.5788e+00
 2.7674e+00
 4.9828e+00
 4.7819e+00
 6.4198e+00
 7.7100e+00
 1.0232e+01
 1.1594e+01
 8.7478e+00
 4.8988e+00
 9.8472e+00
 1.3458e+01
 1.1763e+01
 1.1764e+01
 1.7161e+01
 9.1636e+00
 4.8691e+00
 2.9532e+00
 4.0363e+00
 3.4383e+00
 3.5887e+00
 4.1770e+00
 3.3073e+00
-1.9040e+00
 2.4555e+00
 3.3521e+00
 3.5248e+00
 3.3355e+00
 3.0096e+00
 2.5445e+00
 1.9369e+00
 3.9655e+00
 3.8980e+00
 3.7624e+00
 6.2233e+00
 7.5759e+00
 9.9419e+00
 9.8213e+00
 7.2906e+00
 5.0676e+00
 9.7201e+00
 1.2832e+01
 1.1017e+01
 1.0994e+01
 1.3671e+01
 9.6261e+00
 4.1002e+00
 3.7770e+00
 4.4889e+00
 3.8227e+00
 3.7124e+00
 3.7952e+00
 3.5152e+00
-1.4497e-01
 2.5758e+00
 3.4327e+00
 3.4644e+00
 3.3293e+00
 2.9297e+00
 2.6258e+00
 2.8996e+00
 3.4549e+00
 3.1109e+00
 3.4250e+00
 6.0024e+00
 7.4742e+00
 9.0948e+00
 8.3841e+00
 7.2682e+00
 5.9034e+00
 9.0344e+00
 1.1307e+01
 1.0432e+01
 1.0190e+01
 1.1876e+01
 9.4242e+00
 4.0797e+00
 4.4289e+00
 4.8326e+00
 4.1294e+00
 3.8937e+00
 3.6519e+00
 3.2685e+00
 6.7724e-01
 9.8633e-01
 1.5376e+00
 1.3962e+00
 1.2237e+00
 7.7489e-01
 1.3743e+00
 2.0623e+00
 2.0011e+00
 1.8173e+00
 2.1121e+00
 5.4313e+00
 6.9794e+00
 7.7418e+00
 7.4165e+00
 7.5684e+00
 9.8670e+00
 1.1549e+01
 1.3396e+01
 1.3422e+01
 1.2467e+01
 1.1849e+01
 1.0703e+01
 6.1078e+00
 6.2443e+00
 4.8010e+00
 4.0234e+00
 3.4107e+00
 2.9811e+00
 2.8345e+00
 1.7139e-01
 8.7756e-01
 1.4351e+00
 1.0683e+00
 6.8513e-01
 1.0020e+00
 1.8494e+00
 2.0368e+00
 1.8846e+00
 1.7314e+00
 2.0710e+00
 5.4227e+00
 6.5757e+00
 6.7554e+00
 7.3425e+00
 8.2476e+00
 1.0070e+01
 1.0936e+01
 1.2584e+01
 1.3127e+01
 1.2178e+01
 1.1431e+01
 1.0925e+01
 6.9397e+00
 6.4651e+00
 4.9797e+00
 4.0644e+00
 3.1938e+00
 2.8261e+00
 2.8892e+00
 4.2743e-02
 7.9071e-01
 1.2639e+00
 6.2310e-01
 3.5188e-01
 1.1418e+00
 2.1229e+00
 2.1315e+00
 1.9077e+00
 1.8517e+00
 2.5051e+00
 5.5273e+00
 5.8682e+00
 6.4034e+00
 7.7287e+00
 8.8569e+00
 1.0446e+01
 1.0903e+01
 1.1944e+01
 1.2650e+01
 1.1883e+01
 1.1148e+01
 1.0876e+01
 7.8958e+00
 6.4582e+00
 4.8024e+00
 3.8051e+00
 3.0303e+00
 2.7302e+00
 2.6730e+00
-1.1422e-01
 7.4727e-01
 1.0587e+00
 8.1687e-02
 3.0923e-01
 1.2594e+00
 2.2440e+00
 2.2774e+00
 2.2253e+00
 2.4296e+00
 2.8667e+00
 5.1107e+00
 5.3482e+00
 6.6333e+00
 8.2745e+00
 9.4393e+00
 1.1042e+01
 1.1201e+01
 1.1478e+01
 1.1946e+01
 1.1584e+01
 1.0937e+01
 1.0685e+01
 8.6539e+00
 6.4331e+00
 4.4727e+00
 3.3996e+00
 2.7646e+00
 2.5069e+00
 2.2728e+00
-2.5500e-01
 6.1081e-01
 8.5537e-01
-9.8366e-02
 3.0906e-01
 1.4240e+00
 2.4687e+00
 2.6233e+00
 2.7370e+00
 2.7667e+00
 2.5568e+00
 4.6485e+00
 5.5225e+00
 7.1985e+00
 8.8346e+00
 9.9894e+00
 1.1571e+01
 1.1418e+01
 1.1014e+01
 1.1078e+01
 1.1231e+01
 1.0841e+01
 1.0567e+01
 9.3022e+00
 6.5599e+00
 4.2609e+00
 2.9733e+00
 2.3355e+00
 2.0728e+00
 1.8892e+00
-3.1892e-01
 2.0843e+00
 1.8611e+00
 1.2456e+00
 1.7577e+00
 2.9895e+00
 3.9998e+00
 3.2648e+00
 3.1215e+00
 2.7880e+00
 2.5715e+00
 4.7061e+00
 6.0186e+00
 7.6274e+00
 9.0773e+00
 1.0090e+01
 1.0591e+01
 1.0160e+01
 9.4203e+00
 9.3313e+00
 9.9268e+00
 9.7897e+00
 9.4135e+00
 8.3630e+00
 5.7034e+00
 3.4503e+00
 1.8886e+00
 1.1594e+00
 9.9530e-01
 1.1323e+00
-1.1137e+00
 2.0299e+00
 1.9758e+00
 1.7195e+00
 2.1552e+00
 3.1322e+00
 3.8608e+00
 2.9492e+00
 2.7187e+00
 2.6300e+00
 2.9773e+00
 5.4009e+00
 6.5345e+00
 7.7999e+00
 8.9495e+00
 9.6805e+00
 9.9763e+00
 9.5212e+00
 8.9553e+00
 8.9913e+00
 9.7559e+00
 9.9139e+00
 9.3923e+00
 8.3422e+00
 5.8356e+00
 3.2569e+00
 1.4482e+00
 7.5176e-01
 8.3888e-01
 1.2967e+00
-8.2511e-01
 1.9974e+00
 2.1311e+00
 1.9707e+00
 2.1986e+00
 2.8290e+00
 3.3842e+00
 2.5428e+00
 2.6203e+00
 2.9339e+00
 3.5120e+00
 5.7924e+00
 6.5561e+00
 7.4248e+00
 8.2217e+00
 8.7109e+00
 8.9753e+00
 8.7734e+00
 8.5976e+00
 8.7927e+00
 9.1852e+00
 9.3509e+00
 8.9620e+00
 7.8299e+00
 5.7334e+00
 2.9850e+00
 1.0713e+00
 5.5376e-01
 9.0933e-01
 1.5581e+00
-6.0237e-01
 1.7920e+00
 2.0460e+00
 1.8851e+00
 1.9547e+00
 2.3553e+00
 2.8906e+00
 2.2948e+00
 2.6797e+00
 3.1419e+00
 3.6429e+00
 5.6742e+00
 6.1428e+00
 6.6966e+00
 7.2107e+00
 7.5471e+00
 7.9058e+00
 8.0396e+00
 8.1516e+00
 8.3550e+00
 8.6589e+00
 8.6736e+00
 8.1124e+00
 6.9107e+00
 5.2110e+00
 2.7899e+00
 1.0386e+00
 6.9530e-01
 1.1952e+00
 1.8987e+00
-3.3063e-01
 1.6972e+00
 2.0461e+00
 1.8796e+00
 1.8735e+00
 2.1577e+00
 2.7393e+00
 2.3362e+00
 2.8443e+00
 3.2592e+00
 3.6236e+00
 5.4718e+00
 5.6888e+00
 5.9262e+00
 6.1530e+00
 6.3489e+00
 6.8139e+00
 7.2160e+00
 7.4422e+00
 7.5473e+00
 7.6490e+00
 7.5008e+00
 6.9984e+00
 5.9018e+00
 4.5807e+00
 2.7629e+00
 1.3021e+00
 1.0538e+00
 1.5272e+00
 2.1906e+00
-1.5551e-01
[ CPUDoubleType{2100,1} ]
