  -3.0889
  -4.1646
  -4.2121
  -4.2456
  -4.1637
  -4.0007
  -3.0453
  -3.0363
  -2.8629
  -2.5716
  -2.4973
   1.6048
   1.1972
   0.8207
   1.1221
   2.0146
   1.1022
   0.1672
   0.1295
   0.4566
   1.3185
   2.0639
   2.6584
   3.9817
  10.2309
  15.9439
   8.4237
   6.1931
   7.5403
   5.8530
  -2.4595
  -4.1924
  -4.2987
  -4.3370
  -4.2533
  -4.0891
  -3.1217
  -3.0879
  -2.8804
  -2.6113
  -2.5950
   1.4567
   0.9537
   0.4659
   0.8614
   2.1146
   1.5081
   0.5386
   0.5788
   0.9874
   1.8489
   2.2272
   2.2516
   2.4334
   5.5546
  13.9428
   7.7409
   6.1089
   7.0161
   4.7644
  -2.6738
  -4.2725
  -4.3744
  -4.3984
  -4.3101
  -4.1767
  -3.2473
  -3.2154
  -3.0055
  -2.9046
  -2.9109
   1.2022
   0.6701
   0.1864
   0.7783
   2.4355
   1.9514
   0.8720
   1.3370
   1.8848
   2.5777
   2.3886
   1.6597
   1.4497
   4.0711
  13.8974
   8.6003
   5.5013
   6.6684
   3.9714
  -1.2262
  -3.2909
  -3.2309
  -2.8242
  -1.5397
  -0.6688
  -0.7569
  -1.2879
  -0.9709
  -1.1600
  -1.9014
   1.4056
   0.8470
   0.3915
   1.0220
   2.6476
   1.7868
   0.5406
   1.6113
   2.6229
   3.0407
   2.7916
   1.9011
   1.5560
   4.5137
  15.0472
  10.9765
   6.0312
   6.4605
   3.3928
  -1.1969
  -3.2799
  -3.3466
  -3.2194
  -2.3392
  -1.1004
  -0.9579
  -1.4111
  -1.2094
  -1.5533
  -2.2438
   1.1020
   0.6054
   0.3739
   1.2530
   2.4918
   0.7400
  -0.6793
   0.9381
   1.9782
   2.5673
   2.7415
   2.0451
   1.8336
   5.6040
  18.1886
  14.2312
   6.7988
   8.4597
   4.2202
  -0.9774
  -3.2516
  -3.4659
  -3.4287
  -2.5552
  -1.0420
  -0.7644
  -1.4732
  -1.4476
  -1.9103
  -2.4924
   0.9634
   0.6365
   0.8105
   2.4472
   3.9933
   1.0507
  -0.4962
   1.1977
   1.6964
   2.2580
   2.6913
   2.5593
   2.5043
   6.7889
  18.8039
  12.7567
   3.1378
   7.1615
   4.2753
  -0.9179
  -3.2320
  -3.4408
  -3.3458
  -2.2718
  -0.3477
   0.1020
  -1.0604
  -1.4655
  -2.1178
  -2.5682
   1.0253
   0.8493
   1.2455
   3.5392
   5.9018
   2.2119
   0.1238
   1.1384
   1.0103
   1.7328
   2.8430
   3.4493
   4.3934
  10.8250
  22.0410
  11.5859
   0.3036
   6.2729
   3.6499
  -1.4153
  -3.1985
  -3.2390
  -3.0114
  -1.6696
   0.6409
   0.9705
  -0.8374
  -1.2743
  -1.9014
  -2.4246
   1.1564
   0.9189
   1.3496
   4.2430
   7.3736
   3.7040
   0.8747
  -0.2769
  -0.4860
   1.3247
   3.3824
   5.0931
   7.5496
  17.9532
  33.6351
  17.4945
   5.7819
  10.2204
   2.7381
  -1.1818
  -2.9889
  -2.9467
  -2.6526
  -1.2604
   0.8093
   0.5450
  -1.8265
  -1.7809
  -1.8210
  -2.5039
   0.8293
   0.8895
   2.1098
   6.0114
   9.9577
   5.7037
   1.2771
  -1.9862
  -2.0540
   1.2488
   4.3848
   7.1462
  10.5342
  24.4237
  47.1064
  27.4495
  13.0320
  11.9711
   1.1827
  -0.6611
  -2.0392
  -1.8384
  -1.2920
   0.3718
   1.8753
   0.7009
  -1.7193
  -1.3566
  -1.6991
  -2.1993
   1.0858
   2.3508
   4.3645
   9.2111
  13.2679
   7.3916
   0.2237
  -3.9470
  -2.7914
   2.2208
   5.7171
   7.8748
  10.8821
  27.8049
  55.1710
  34.5675
  18.3757
   4.3502
  -3.6841
  -1.3739
  -2.0010
  -1.5778
  -0.6848
   1.6314
   3.4052
   1.5108
  -1.2347
  -1.4406
  -1.2738
  -0.1058
   3.3997
   4.4659
   6.7412
  12.1514
  14.7420
   6.8375
  -2.2964
  -4.5602
  -1.0789
   2.3040
   3.4695
   5.9651
  11.9784
  32.6348
  62.6898
  35.7250
  14.7070
  -5.4265
  -8.3182
  -2.0248
  -1.9855
  -1.3772
  -0.2905
   2.5551
   5.0360
   2.7170
   0.0410
   0.7601
   0.0380
   0.2395
   3.3837
   4.4602
   7.4728
  13.8032
  12.5789
   2.7659
  -3.6232
  -3.5210
  -2.5748
  -1.0258
   5.0670
  12.2223
  20.0034
  44.3862
  74.9700
  39.2928
   6.5837
 -10.6591
  -9.7984
  -2.1476
  -2.0206
  -1.6510
  -0.7017
   2.3658
   5.0903
   2.4988
  -0.5582
  -0.6567
  -1.4093
  -0.0669
   3.4750
   4.2402
   7.5576
  14.3479
   8.9630
   1.3562
  -4.5888
  -6.3539
  -0.8781
   9.4347
  15.0195
  20.1280
  28.2194
  57.4377
  79.7804
  36.4839
  -4.8073
 -11.7711
  -3.5153
  -1.6473
  -2.6433
  -2.2616
  -0.9881
   2.3638
   5.0442
   1.8171
  -1.4192
  -2.8427
  -3.6560
  -1.2386
   2.6299
   3.4240
   6.7116
  12.5823
   4.6859
  -2.3917
 -11.1404
  -0.3783
   6.3567
  10.2932
  14.0938
  18.8567
  30.0539
  70.9401
  75.3170
  26.3855
 -13.2706
  -9.0587
   7.8998
  -0.7582
  -0.9372
   0.2667
   1.7589
   5.2269
   8.2944
   4.0344
  -0.7375
  -1.5723
  -2.1940
   0.5219
   1.6708
   1.7975
   4.1886
   7.6606
  -1.3778
 -11.1969
 -13.5020
   0.4876
   2.2884
   9.9563
  14.6381
  17.6021
  30.4100
  84.4602
  62.3093
  33.6370
 -11.4990
  -2.4980
  -2.4785
   1.1695
   1.0986
   1.9119
   3.4031
   7.5565
   9.3254
   1.2051
  -2.4265
   1.3792
   1.3210
  -0.4198
   1.9199
   2.0680
   3.1130
   1.7041
  -9.7949
 -16.1525
  -9.7432
  -6.3947
  -5.6605
   4.7271
  10.4568
  14.7180
  29.1094
  84.9097
  54.3445
  28.6767
 -12.6521
  -7.0449
  -3.9383
   1.5212
   0.6304
   1.2924
   3.8853
   9.4112
   7.6572
  -2.6630
  -5.3886
  -0.4947
   5.9130
   0.6533
   3.0551
   2.7663
   1.0971
  -7.7273
 -10.8303
  -9.0852
 -19.9503
 -17.5220
  -5.3326
   4.6057
   7.9250
  11.4379
  25.3688
  70.3121
  55.0982
   2.7722
 -23.0520
 -13.0828
  -5.9370
   0.4910
   0.5297
   0.9451
   3.7784
  10.4970
   5.0905
   1.2508
  -1.8297
  -0.3102
   2.1876
   5.2309
   5.2757
   4.6188
   1.9207
  -5.9138
   6.1509
  -8.1051
 -10.2191
  -1.2611
   3.7700
   8.1949
  10.3711
  14.3388
  26.2512
  51.9550
  36.9260
  23.4056
  -3.1671
  -7.0350
  -7.8649
  -0.4787
  -0.2608
   1.0114
   4.0037
   9.6956
   2.9012
  -3.2796
  -6.2626
  -4.1013
   3.8941
   7.0785
   3.6402
   2.8389
   2.1662
   0.4627
  18.9608
   2.5069
  17.2117
  25.2058
  19.7531
  13.2364
  15.2817
  18.0090
  24.1475
   0.5183
  37.9899
 123.8975
  39.0318
  -4.3730
 -12.4349
  -2.9912
  -2.7191
   0.2518
   4.1239
   6.5087
  -0.4382
  -9.4643
 -11.0724
  -2.7470
   7.2580
   1.8341
   0.1999
  -0.5177
  -5.4354
  -2.0341
  16.1779
  38.6675
  49.4641
  39.5006
  24.8952
  18.6376
  23.4188
  27.0408
  30.1892
  -2.4549
 150.0246
 209.0178
  79.7433
  37.7770
   8.8541
   3.3853
  -1.9615
  -3.9837
  -2.3275
   0.7696
   3.6442
   5.8692
   5.2327
   5.7253
  16.1848
   1.9484
  -1.6754
  -1.0938
  -7.4349
  -1.7215
  25.9099
  -0.7792
   1.5880
  16.8958
  21.0098
  16.6195
  16.3243
  23.0352
  35.1794
  24.7494
 283.5137
 311.2209
 195.2832
 102.8473
  35.5485
  -3.6693
  -4.1880
  -2.1495
  -4.1901
 -14.4746
  -5.7255
   2.2989
  16.7638
 -44.1400
  -4.1027
   6.1016
   0.1600
   2.1434
  -0.0500
   2.8179
  32.7289
 -30.9496
 -31.3616
   6.1044
  16.9427
   5.4186
   3.0769
   5.1236
 -15.5649
   8.9021
 361.8860
 432.8134
 226.7092
 193.1383
  83.6917
  15.9280
   1.7748
  -0.2802
  -1.7553
  -6.0168
   1.1424
 -11.0355
 -45.0504
  48.2612
  37.2845
  16.2564
   5.0546
  -0.6423
   0.7141
   3.6970
  62.0579
  -8.6705
 -18.9793
  -8.1862
   4.5895
 -14.1639
 -10.6356
  -6.9118
 -50.5535
  32.0909
 510.4844
 293.5708
  37.5864
 107.7736
  83.2703
  15.5540
   3.0652
   1.9427
   0.2238
  -1.2835
  23.8903
  -8.2445
 -54.3888
 126.0095
  78.5952
 -20.9821
  -5.0390
   3.5817
  -5.2026
 -41.6888
  49.7838
 -19.2284
 -46.8313
 -42.6431
 -17.2505
 -10.6524
  -3.1699
   0.5871
 -40.0040
 104.6817
 744.8724
 -54.8721
-118.0457
  49.6600
 114.2835
  13.7016
  -3.9694
  -6.6114
 -11.8902
  -8.1861
  18.7429
   5.7950
 180.6948
 478.1596
 132.5175
  28.2064
   2.9124
  -1.5865
   1.8686
  24.6115
  15.6522
 -25.5638
 -23.3063
   5.8783
  22.7319
  15.7597
  12.1733
  -2.3689
 -22.8197
 103.7444
 691.0983
-134.5319
 -86.7906
  24.7574
 138.4949
  16.7130
  -6.7925
 -13.4287
 -28.7385
 -19.1114
  39.7496
  88.7506
 185.1288
  45.2565
 -34.6423
  -0.4259
  -1.5428
  -0.2430
  -3.9309
 -10.4987
  40.6518
  15.8038
  15.9128
  37.6134
  42.7532
  17.8721
  17.9894
   4.2205
 -36.6925
  64.4223
 510.3288
 -63.2128
 -48.7229
 -18.6503
 115.1199
  12.3581
  -8.4853
 -16.7175
 -24.9227
  24.1462
 146.3437
  44.2850
 -40.3514
 -13.5684
   0.8672
   3.3432
   7.5023
   6.5787
   7.0101
   8.8924
   6.3471
 -25.1513
  28.2482
  76.8245
  27.8949
  22.8518
  17.0785
  11.6668
 -27.2252
  55.1693
 427.4412
 -12.0714
 -20.8352
  -8.3297
  59.6729
   4.5375
  -9.3354
 -15.3256
  -5.2487
  56.2084
 109.7576
 -40.0464
 -48.5780
  -0.9832
  18.6784
   8.0147
   5.2208
   5.2923
   1.6061
   4.3331
  -2.3241
   5.5257
  11.4211
  -2.4694
 -13.7225
  -5.8446
  -2.1128
   2.1028
 -37.2809
  50.4815
 216.7100
 -80.8920
   1.4469
   9.6356
  14.2447
  -2.7963
  -4.6282
  -2.3724
   7.0545
  34.9527
  63.9115
 -21.0615
 -18.6991
  -3.6340
  15.1828
   5.3510
  -0.5041
  -0.7228
   0.8283
   6.7072
  18.1311
  14.4347
  -3.6768
  -5.9091
   1.2022
  11.5574
  19.9431
  13.1809
   2.1366
 110.5634
 103.4523
  -2.5038
 -24.2166
  11.4918
   4.9334
   0.7773
   0.5802
   5.9865
   6.0324
  16.7070
  51.2837
  -5.5978
 -11.4014
  -3.8333
   6.9639
   0.9151
  -2.6360
  -1.2386
   0.4199
   5.9760
   6.5485
  -7.3618
  -8.5569
  -2.9302
   0.8676
   4.7070
  14.6668
   9.5249
 -43.5326
  53.7224
 -59.4868
  12.1068
  -3.7292
  -5.9198
  12.7877
  -1.7330
   0.9541
   8.0469
   0.8540
   6.6527
  20.7830
 -14.5833
  -7.4835
  -2.2740
   0.4961
  -0.4649
  -0.9732
  -1.3073
   1.7478
   1.1103
   1.3480
  -6.8332
  -5.3104
  -0.8301
   3.5941
   6.9257
  -2.2532
  -0.0301
   1.3616
  13.6364
   5.1322
 -15.3191
 -11.2144
  10.1921
  10.6818
   4.3097
  10.5341
  12.4467
   8.6506
  18.1817
  16.0289
  -1.2594
  -8.0515
  -1.6283
   0.6309
   0.8990
   1.3580
   1.1609
   2.0484
  -0.1816
   0.5333
  -4.8279
  -4.6827
  -0.0960
   3.7505
  -1.8791
  -7.3960
   0.8341
  -0.1106
  -1.2990
   3.2649
 -18.5735
 -17.3418
   7.8414
  15.6492
   5.5919
   9.0705
   8.6851
   1.8487
   6.5165
  -7.7361
  -1.1722
  -1.8958
  -1.0193
   2.2547
   1.3969
   1.3406
   1.8744
   2.0164
   0.3869
   0.5295
  -3.9241
  -3.3068
  -0.8210
   1.1767
   2.5533
   1.9669
  -8.1723
   8.2768
  -3.9599
  10.2414
 -10.8817
  -9.2156
   5.4731
  20.0003
   5.7789
   5.8789
   7.2066
   7.3437
   5.7355
   2.5343
  -2.3891
  -1.9193
   1.8262
   2.2355
   3.0000
   3.8084
   3.7586
   4.4047
   2.2149
   2.0598
  -1.9295
  -1.4595
   1.4769
   4.0487
   5.3884
   3.0226
  -7.0482
   4.9522
  -2.2050
   8.8856
  -8.9142
  -6.9126
   4.5748
  12.8796
   2.5522
   2.7389
   5.5788
   5.2701
   3.3977
   2.1515
  -2.8936
  -2.5989
   1.6412
   2.8351
   2.6613
   3.0398
   2.4181
   3.0134
   2.4241
   1.7783
  -1.1618
  -0.2824
   1.3821
   2.7322
   1.8881
  -1.5069
 -10.4305
   1.6051
  -3.6213
   7.1579
 -11.6864
  -5.2832
   3.8231
  11.3458
   1.4997
   3.2151
   3.3972
   4.4162
   2.3634
   3.2218
  -0.9254
  -1.1303
   1.5352
   3.2870
   1.4887
   1.5124
   1.4327
   1.9336
   4.7994
   4.4274
   0.4500
   0.3881
   1.9136
   1.8275
   6.1731
   4.9167
  -5.5592
   7.6654
  -6.7747
   5.0243
 -13.1867
  -4.7613
   5.4177
   9.9770
   3.5646
   3.8415
   3.3667
   3.1846
   1.7023
   2.5079
  -0.7259
  -0.3842
   1.5477
   2.8414
   2.1146
   1.3916
   2.3809
   2.2942
   5.2670
   5.1207
   0.9408
   1.3142
   3.2486
   3.0565
   6.0348
   4.3016
  -5.1086
   0.2977
  -2.2178
   3.9892
 -13.0632
  -4.5918
   3.2152
   9.1963
   2.3693
   2.0100
   1.7077
   1.8043
   0.2544
   0.9197
  -2.0062
  -1.1130
   0.3716
   1.6108
   2.7555
   2.2769
   1.1134
   1.8995
   3.4144
   8.6726
   2.6465
   0.5974
   1.9665
   2.1559
   6.0697
   1.6471
  -3.4591
  -7.9038
   6.0477
   4.1883
 -11.5753
  -5.9107
   4.6177
  10.4147
   3.2026
   2.8869
   2.1009
   2.4873
  -0.0361
   0.2676
  -2.2474
  -0.9329
   0.7324
   2.4670
   4.5509
   5.6878
   3.3388
   0.5888
   2.5024
   7.7356
   3.1496
   1.8109
   1.3512
   1.4371
  11.2996
   9.0651
   8.5787
  -0.1742
  12.8988
   8.2568
  -8.8899
  -3.8327
   4.9489
   9.5632
   2.7001
   2.2639
   1.7569
   1.9077
   0.8502
   0.4077
  -2.7107
  -0.9826
   0.5742
   1.9147
   3.4710
   3.4100
   2.3300
   1.0977
  -0.2614
   3.0314
   3.3412
   2.2065
   1.2999
   0.3839
  15.8238
   7.4676
   7.0938
   2.2010
   2.8584
  28.4704
  -5.7198
  -1.8064
   6.4085
   9.1753
   2.3737
   1.3718
   0.8278
   0.6319
   2.7585
   2.1609
  -1.6695
  -1.8379
  -0.0650
   1.4216
   3.6267
   3.0417
   0.9337
   0.6570
   0.2108
   0.2123
   2.8571
   3.2539
   3.1312
   5.9208
  24.8153
  16.6073
  12.7467
   4.2034
   0.9156
  28.5127
  -3.0599
   0.5663
   4.0130
   6.6265
   2.6618
   2.7636
   3.0636
   2.4197
   4.2116
   3.6417
   0.8791
   1.2816
   1.9953
   2.5809
   5.1225
   1.9769
   2.2567
   2.2884
   0.5586
   1.1703
   0.1382
   4.3976
   3.3257
   3.7574
  24.0387
   9.9774
   2.1336
   2.9918
   3.9046
   6.6577
   2.4166
  -1.4679
   3.3129
   3.8841
   2.5003
   2.1073
   2.0460
   1.5866
   2.6659
   5.9926
   1.8153
   2.3386
   4.6670
   6.0538
   7.6498
   4.0694
   3.2144
   3.6457
   4.8860
   5.6042
   3.1726
   0.2995
   1.3917
  -0.7817
  22.9725
   7.4314
   0.3123
   0.6466
   2.6900
  -0.9692
  -1.3435
  -2.4977
   3.2860
   4.2646
   4.5591
   4.1580
   3.2945
   1.9521
   2.0376
   5.2026
   2.4080
   3.0628
   5.4268
   7.4601
   5.7360
   4.9374
   6.2053
   7.0779
   7.1800
   5.1154
   5.4827
   4.3300
   0.6914
  -0.3167
  23.5223
   0.0573
   1.5971
   3.4955
   1.0489
   1.5718
   0.6115
   4.0194
   4.7748
   5.1112
   4.3423
   2.8498
   1.5058
   2.0971
   2.7731
   2.9878
   3.1581
   3.7573
   5.3656
   4.4330
   7.0241
   6.6399
   4.8447
   4.5637
   6.1998
   5.8193
   7.6885
   9.8356
   9.4578
   9.1233
  22.3282
   1.1720
   3.1842
   5.0476
   7.5603
   3.4415
   2.5591
   0.4101
   4.1010
   3.5089
   4.0463
   2.9351
   1.8033
   1.9426
   2.1599
   1.8997
   3.6136
   4.0770
   5.8952
   6.3245
   8.5229
   8.6469
   6.8340
   5.2586
   4.4738
   3.0530
   5.9662
  10.6097
  13.2276
  23.1555
  10.3696
   2.5087
   3.6402
   4.3423
   3.2268
   5.6601
  10.5665
   8.5695
   8.1304
   3.0286
   4.1287
   1.6794
   1.1781
   1.8085
   2.5401
   3.7120
   4.1963
   5.1665
   5.5744
   6.8512
   7.9849
   7.1983
   6.3411
   7.0738
   7.9236
   6.1226
   6.9851
  14.1019
  18.8657
  11.6583
  28.8785
  23.5699
  10.2408
   3.5191
   5.5858
   7.3452
  11.6425
  17.6199
   6.8498
   3.7143
   3.7725
   1.4091
   1.1657
   2.5016
   4.4040
   3.8818
   4.1367
   5.0510
   5.8358
   6.3193
   7.7429
   8.7760
   9.8464
   7.8756
   5.9279
   5.3722
  14.7054
  14.8730
  19.8075
  15.4306
  29.9774
  31.4713
  18.3860
   9.3631
   4.2612
   3.6776
  10.8496
  21.0950
   8.9426
   4.5777
   3.3153
   2.3284
   2.7992
   4.2868
   4.8514
   5.1808
   7.0047
   8.1887
   8.7354
   9.3437
   9.1192
   7.1058
   5.8178
   4.9472
   8.4026
  15.4628
  13.2720
  17.4770
  14.8335
  20.4655
  23.7886
  20.5536
  15.1122
  10.5784
  10.4591
   7.8939
   7.3722
  16.1020
  12.6924
   2.7859
   6.5646
   6.7288
   5.2514
   4.6273
   4.6664
   5.0659
   8.0094
   9.8670
   8.8580
   8.5682
   7.2846
   5.4397
   4.4906
   6.8448
  15.0308
  12.7956
  11.9213
  19.5158
  18.4607
  18.2895
  19.5232
  14.2345
  16.7615
   9.5437
  11.3627
   9.9144
   9.5418
  11.9082
  11.8560
   2.7987
   6.9416
   8.7003
   7.4109
   5.2254
   3.7818
   4.3395
   8.3425
  10.3051
   8.3161
   7.1784
   5.9842
   4.7701
   6.0669
  13.2749
  14.6682
  11.0018
  11.9254
  19.6236
  20.0508
  18.7716
  18.4470
  12.3534
  13.6722
   8.8534
  11.7700
  10.8852
   9.9443
  11.3627
   9.9206
   3.9362
   6.8431
   7.7880
   6.8683
   5.3864
   4.5818
   5.1260
   7.6016
   8.3456
   7.3683
   5.6163
   4.9062
   5.8820
  10.6073
  14.2135
  12.0148
   8.1517
  15.4711
  19.7172
  18.0969
  15.5586
  18.3410
  12.3969
  11.8300
   8.3429
  11.8467
  10.0730
   9.0693
  11.2029
   9.9456
   5.5296
   6.4437
   6.5030
   6.3679
   5.1341
   4.9934
   5.6604
   6.9760
   6.7867
   6.2819
   5.7225
   5.6752
   8.5088
  13.8051
  11.1091
   8.2622
   8.0376
  18.2929
  18.4080
  15.4929
  13.7607
  17.6516
  12.2147
  10.8178
   8.6499
  11.6933
   9.2639
   8.6633
  10.6831
  10.2484
   7.1628
   6.3188
   5.7791
   5.7038
   5.1101
   5.1500
   5.2819
   6.1384
   5.9448
   5.6013
   5.8560
   7.2768
  11.2843
  11.4377
   8.1022
   7.8600
  10.5540
  19.8028
  14.6570
  12.4341
  11.8943
  14.2914
  12.3073
  10.9783
   8.2993
  10.6074
   8.9784
   9.0186
  10.3220
   9.9884
   6.9421
   6.1623
   6.6800
   6.5146
   6.1211
   5.9628
   5.6189
   4.5448
   4.7500
   4.8999
   6.2389
  10.5564
  11.9048
  10.5760
   9.2447
  11.0368
  13.2720
  17.0864
  12.7864
  11.4157
  13.9093
  16.2695
  14.2110
  12.6169
   8.7523
   8.5408
   8.2928
   8.7469
   9.0469
   8.7635
   5.5955
   5.9522
   6.6149
   6.3879
   6.0456
   5.6320
   5.1376
   4.1863
   4.7641
   5.5537
   7.3637
   9.9189
   9.9813
   9.7089
  10.1055
  12.5423
  12.1612
  13.6190
  11.3279
  10.9175
  13.0453
  15.6258
  14.0159
  11.4133
   7.7637
   8.1228
   8.5548
   9.2129
   8.1284
   7.7459
   4.5605
   4.9751
   6.6233
   6.4660
   5.9491
   5.3933
   5.0548
   4.2429
   5.0641
   6.1209
   7.3182
   8.6338
   9.0126
   9.9646
  11.2017
  12.4423
   9.7399
  11.0974
  10.8712
  10.7188
  12.3706
  15.1359
  13.3426
  10.2103
   7.4478
   8.3062
   8.6963
   8.7221
   7.3177
   6.9800
   5.0792
   5.6602
   6.8178
   6.5185
   5.7854
   5.2795
   5.1968
   4.5065
   5.3700
   6.2339
   6.4975
   7.9544
   8.8261
  10.4235
  11.6353
  11.0711
   7.9569
   9.6478
  10.7983
  10.4011
  11.8212
  14.1155
  12.4691
   9.3987
   7.6377
   8.4462
   8.2825
   7.8615
   6.8297
   6.4030
   4.6142
   5.6319
   6.8745
   6.3815
   5.6731
   5.3530
   5.4520
   4.8000
   5.3876
   5.7457
   5.1700
   7.1312
   9.0674
  10.9697
  11.3945
  10.0016
   7.0087
   8.7837
  10.2260
   9.9088
  11.0151
  12.9499
  11.5014
   8.8369
   7.7917
   8.3227
   7.5346
   7.0236
   6.4986
   6.1265
   4.2614
   5.6270
   6.8362
   6.1973
   5.6412
   5.5121
   5.6682
   4.9052
   5.1670
   5.3958
   5.7896
   8.0490
   9.6646
  11.1488
  10.6692
   9.4162
   6.6646
   8.0177
   9.3557
   9.4512
  10.1091
  11.9676
  10.5336
   8.5259
   7.7190
   7.8887
   6.8811
   6.4444
   6.2269
   6.0644
   4.0393
   3.9615
   4.7535
   4.1238
   3.7598
   3.7256
   3.8617
   3.8219
   3.9393
   4.2051
   4.8828
   8.2751
   9.8212
  10.3964
   9.7251
   8.9648
   9.9590
  10.7478
  11.9450
  12.3361
  11.4017
  11.3066
  11.2439
   9.8740
   8.9339
   7.0916
   6.0365
   5.6003
   5.5264
   5.6278
   3.4302
   3.7250
   4.5206
   4.0156
   3.8114
   3.8307
   3.9232
   3.7936
   3.9523
   4.3841
   5.3571
   8.8435
   9.7946
   9.6453
   9.2623
   9.0252
   9.9820
  10.3920
  11.4695
  12.0490
  11.8853
  11.6513
  10.9484
   9.7925
   8.5659
   6.7326
   5.7282
   5.2389
   5.2533
   5.4720
   3.3009
   3.4477
   4.3060
   3.9763
   3.8657
   3.8980
   3.9864
   3.9077
   4.1952
   4.8629
   5.9686
   9.0753
   9.2537
   9.0148
   9.0241
   9.1365
  10.1925
  10.4337
  11.1051
  11.5410
  11.3061
  11.1069
  10.6941
   9.6058
   8.1870
   6.4248
   5.4857
   4.9984
   4.9544
   5.1233
   2.4673
   2.6858
   4.1196
   3.9995
   3.9333
   3.9589
   4.1006
   4.1699
   4.6632
   5.4559
   6.2441
   8.6725
   8.5752
   8.6396
   8.9570
   9.3361
  10.5849
  10.6409
  10.7394
  10.8913
  10.7699
  10.6498
  10.3573
   9.3437
   7.8968
   6.1594
   5.2487
   4.7281
   4.6586
   4.9253
   2.9276
   2.9838
   4.0906
   4.0495
   4.0077
   4.0755
   4.3140
   4.5235
   5.0889
   5.5884
   5.8050
   7.9534
   8.1023
   8.4931
   9.0225
   9.5580
  10.8612
  10.6759
  10.2836
  10.1621
  10.2401
  10.2165
   9.9125
   9.0384
   7.6972
   5.9207
   4.9946
   4.4674
   4.4491
   4.7718
   2.7989
   4.4581
   5.2323
   5.2982
   5.3356
   5.4837
   5.7727
   5.0901
   5.3379
   5.3393
   4.7379
   6.6218
   7.6333
   8.2615
   8.8796
   9.3732
   9.6316
   9.2670
   8.6798
   8.4449
   8.6550
   8.5376
   8.2115
   7.4892
   6.2954
   5.0269
   4.0985
   3.6079
   3.6438
   3.9935
   1.6262
   4.2890
   5.1339
   5.3182
   5.4372
   5.5567
   5.6824
   4.7076
   4.6670
   4.6570
   4.8627
   6.8824
   7.4266
   8.0225
   8.5612
   8.8710
   8.9668
   8.6016
   8.1237
   7.9138
   8.0956
   8.0203
   7.7148
   7.1128
   6.0900
   4.9009
   3.9906
   3.5609
   3.6022
   3.8970
   1.4967
   4.1623
   5.0447
   5.2697
   5.3511
   5.2907
   5.1617
   3.9932
   3.9651
   4.1279
   4.4909
   6.5308
   7.0096
   7.4797
   7.8437
   7.9919
   8.0319
   7.7800
   7.4974
   7.2966
   6.7274
   6.5345
   6.8230
   6.3607
   5.5676
   4.5573
   3.6879
   3.2838
   3.2549
   3.4328
   0.9713
   3.6014
   4.4506
   4.6395
   4.6431
   4.4327
   4.1544
   2.9745
   3.0672
   3.3556
   3.7539
   5.7371
   6.1129
   6.4451
   6.6913
   6.8004
   6.9294
   6.8783
   6.8010
   6.7004
   6.6239
   6.4169
   6.2190
   5.8669
   5.3254
   4.5385
   3.7456
   3.3446
   3.2432
   3.3841
   0.8945
   3.5208
   4.3033
   4.3956
   4.3230
   4.0651
   3.7893
   2.6765
   2.8362
   3.1273
   3.4678
   5.3455
   5.5558
   5.6885
   5.7529
   5.7485
   5.8802
   5.9358
   5.9691
   5.9421
   5.8934
   5.7111
   5.6168
   5.4037
   5.0510
   4.4869
   3.8151
   3.3927
   3.2190
   3.3129
   0.4659
[ CPUDoubleType{2100,1} ]
