-4.1774e-01
 1.5265e-01
-4.8934e-02
-7.3691e-01
-7.4202e-01
-7.4202e-01
-7.4202e-01
-7.4201e-01
-7.4100e-01
-2.7003e-01
-1.3264e-01
 1.9501e+00
 1.9574e+00
 3.8855e-01
 2.0502e-01
 1.0844e-02
-3.1944e-01
-1.3568e-02
 3.8174e-01
 3.0393e-01
 2.6987e-02
 8.0847e-03
 1.0384e-02
 4.8004e-01
 1.6133e+00
 3.5899e-01
 3.6700e-05
 3.9753e-02
 4.9472e-02
 4.9472e-02
-6.2711e-01
 1.1039e+00
 7.4355e-02
-7.4202e-01
-7.1942e-01
-7.4202e-01
-7.4202e-01
-7.4202e-01
-7.4100e-01
-4.6460e-01
-2.4916e-01
 7.6963e-01
 2.2080e+00
 2.6848e-01
 5.1788e-01
 2.2001e-02
 2.3903e-01
 3.7577e-01
 9.6049e-02
 2.3042e-01
 2.3426e-02
 1.5753e-02
 1.8422e+00
 2.5207e-01
 1.0198e+00
 1.7146e+00
 4.8330e-04
 4.5223e-02
 4.9472e-02
 4.9472e-02
-4.5333e-01
-1.6720e+00
 4.9928e-01
-4.7141e-01
 2.1582e-02
-2.1920e-01
-7.4202e-01
-7.4202e-01
-7.4202e-01
-3.1082e-01
 4.5970e-01
 1.8081e+00
 3.5336e+00
 5.1707e-01
 8.8806e-01
 3.9469e-01
 4.9066e-01
 3.7577e-01
 5.3508e-01
 2.1071e-01
 3.8794e-01
 4.5546e-01
 2.1130e+00
 4.2221e-01
 8.1503e-02
 1.5507e+00
 1.4050e-03
 1.6084e-02
 4.9472e-02
 4.9472e-02
-1.4986e+00
-1.7192e+00
-3.6091e-01
-4.2221e-01
 2.1139e-01
-2.1920e-01
-3.3794e-01
-4.6293e-01
-4.2417e-01
 6.0902e-02
-1.1125e-01
 6.7186e-01
 2.1059e+00
 5.0206e-01
 4.7649e-01
 2.6349e-01
 4.9066e-01
 4.0977e-01
 5.5627e-02
 2.5508e-02
 1.3922e-01
 1.8587e-01
 3.4326e-01
 2.3992e-01
 1.9684e-01
 1.5043e+00
 2.2652e-02
 1.6084e-02
 4.8003e-02
 4.9472e-02
 1.0046e+00
 1.6128e+00
-2.0311e+00
-1.5226e+00
 2.1139e-01
-1.5797e-01
-3.1528e-01
-7.4202e-01
-2.0467e-01
-1.8759e-01
-4.7215e-01
 8.1344e-01
 1.8705e+00
 8.7284e-01
 9.4971e+00
 2.6349e-01
 3.1590e-01
 3.9954e-01
 2.8542e-01
 1.3695e-01
 2.8014e-02
 1.1213e-01
 6.4475e-01
 7.4623e-01
 3.4593e-01
 8.5568e-01
 2.2652e-02
 2.3116e-04
 3.9204e-02
 4.9472e-02
-5.6093e-01
 1.3806e+00
 6.6325e-01
-1.5226e+00
-1.0288e+00
-1.3803e+00
-6.5282e-01
-5.4316e-01
-4.9918e-01
-3.5062e-01
 1.1670e-01
 6.0291e-02
 1.0166e+00
 7.0278e-01
 9.4971e+00
 3.1990e-01
 2.9001e-01
 1.0269e-01
 2.1392e-01
 1.6994e-01
 1.7219e-01
 3.5192e-01
 6.4743e-01
 1.4441e+00
 3.9258e-02
 8.5568e-01
 6.6196e-02
 6.5067e-04
 3.0836e-03
 4.6794e-02
-8.9422e-01
 3.3492e-01
 6.6325e-01
-3.6985e+00
-2.9638e+00
-3.6825e+00
-8.9101e-01
 7.4659e-02
-3.2573e-01
-4.1621e-01
 9.8177e-01
-2.1106e-01
 3.7414e-01
 7.0278e-01
 4.5637e-01
 1.9376e-02
 4.2389e-01
 6.8111e-02
 1.1162e-01
 1.7837e-01
 3.7468e+00
 4.8433e+00
 1.1310e+01
 2.1861e-01
 3.9258e-02
 6.4625e-01
 2.2998e+00
 1.9721e-02
 9.8923e-03
 6.4508e-03
-1.4614e+00
 3.3492e-01
-9.9646e-01
-2.8891e+00
-4.2840e+00
-3.6897e+00
-1.2964e+00
-7.2287e-01
-5.7853e-01
-2.5412e-01
-5.5156e-01
 3.2236e-01
 3.7414e-01
 1.5503e+00
 7.2997e-01
 3.7829e-01
 2.5872e-01
 1.4839e-01
 7.9271e-02
 2.5787e-01
 4.4782e-01
 3.2313e-01
 8.0240e-01
 2.7971e-01
 1.6409e-01
 8.1084e-01
 7.1718e+00
 7.5823e-01
 1.0277e+00
 1.1719e-02
-1.4614e+00
-8.5187e-01
-1.4807e+00
-2.9448e+00
-3.7328e+00
 4.0844e+00
-1.9347e+00
-7.4202e-01
-6.6607e-01
-6.5078e-01
-3.6451e-01
 3.2236e-01
 9.5858e-01
-2.0270e-01
 5.7025e-01
 1.2170e+00
 5.4219e-01
 2.3050e-01
 2.7312e-01
 2.8797e-01
 2.9142e+00
 3.2313e-01
 4.6678e-01
 1.8091e+00
 3.6773e-02
 2.4047e-01
 9.7759e-01
 1.6298e-01
 2.7346e+00
 2.2184e+00
-1.4337e+00
-1.5861e+00
-5.5153e-01
-3.9978e-01
-3.3420e+00
-1.4678e+00
-1.4470e+00
-6.8659e-01
-7.4202e-01
-6.5078e-01
-3.6451e-01
-5.3394e-01
 7.9754e-02
-1.0067e-01
 2.9198e+00
 3.6976e+00
 1.7120e+00
 1.2026e+00
 1.3721e-01
 4.9579e-01
 2.9142e+00
 3.0992e+00
 2.2694e-01
 2.1821e-01
 2.5344e-01
 1.1374e+01
 3.8545e+00
 3.5819e+00
 3.5951e+00
 2.0198e+00
-5.3469e-01
-8.6390e-01
 4.4946e-01
-4.0192e-01
-2.6032e+00
-3.2551e+00
-4.0397e+00
-1.7936e+00
-7.4202e-01
-5.7036e-01
-6.2079e-01
-1.7985e-01
 5.6874e-01
 2.9845e-02
 1.1649e-01
 9.3564e-02
 1.1393e-01
 2.1944e+00
 3.5892e+00
 4.9579e-01
 5.3985e+00
 1.1288e+00
 2.0869e+00
 1.7139e+00
 5.6630e+00
 1.2673e+01
 6.0518e+00
 3.7507e+00
 1.0101e+00
 1.5266e+00
-6.9167e-01
-1.9725e+00
 3.6072e-01
-7.3101e-02
-1.6736e+00
-3.5510e+00
-3.3667e+00
-1.7936e+00
-8.2349e-01
-6.2269e-01
 1.0719e-01
 3.0594e-01
 5.3951e-02
 9.2160e-03
 9.4152e-03
 9.1964e-03
 1.6110e-01
 6.3871e-02
 3.5892e+00
 2.8977e+00
 5.9840e+00
 1.1742e+00
 4.3823e+00
 8.8536e+00
 2.4289e+01
 2.6968e+00
 8.5600e-01
 1.8297e+00
 6.4641e-01
 1.5266e+00
 3.0400e-02
-6.5784e-01
-1.2162e+00
 1.6151e-01
 4.5657e+00
-2.5069e+00
-3.3667e+00
-3.1265e+00
 1.2010e+00
 1.2957e-01
 5.4143e+00
 5.1673e+00
 2.0603e-01
 5.2792e-01
 1.5037e+00
 2.5245e+00
 5.7340e-01
 6.3871e-02
 2.0731e-02
 1.4916e+00
 2.5679e+00
 1.9324e+00
 6.5770e+00
 2.6547e+01
 1.2340e+01
 1.5647e+01
 2.7763e+00
 4.1396e+00
 1.0426e+00
 4.7383e+00
 1.3777e+00
-5.9495e-01
-3.2951e-02
 2.5311e-01
-3.6014e+00
-2.5069e+00
-2.8102e+00
 1.6680e-01
 4.7463e-01
 5.7215e-01
 2.0182e+00
 6.0038e-01
 6.1051e-01
-4.5020e+00
 2.9264e+00
 3.7232e-04
 5.7340e-01
 9.7203e-01
 2.3300e+00
 6.3953e+00
 5.2736e+00
 6.0663e+00
 5.6079e+01
 2.2586e+01
 1.4529e+01
 1.0198e+01
 1.4959e+00
 9.1012e-01
 4.6012e+00
 1.3128e+01
 1.5191e+00
 1.1414e+00
 4.8975e-01
-1.1496e+00
-3.6014e+00
-6.8306e-01
 2.3929e-01
 4.5368e+00
 1.9095e-01
 1.8508e-01
 2.8449e-01
 6.7786e+00
 1.4183e-01
-1.5964e+00
 1.5606e+00
 3.7232e-04
 7.4177e-04
 8.0857e-01
 1.2831e-01
 1.1282e+01
 9.1389e+00
 1.0302e+01
 5.8914e+01
 4.0335e+01
 1.3884e+03
 1.0198e+01
 1.4959e+00
 1.5993e+00
 1.5113e+00
 1.0892e+00
 6.8763e-01
 2.7438e-01
-3.5246e-01
-1.1496e+00
 8.6565e-01
 5.7413e+00
 4.1016e-01
 1.1502e-01
 2.3050e-01
 3.8707e+00
 4.8647e-02
 1.9443e+00
 6.5293e+00
 3.9336e-01
 1.5606e+00
 4.1107e-01
 8.3709e-01
 3.2613e+00
 5.6539e+00
 9.7978e+00
 1.0585e+01
 2.9720e+01
 6.1726e+01
 5.5896e+01
 1.3884e+03
 4.1501e+00
 3.4569e+00
 2.1290e+00
 2.6896e+00
 2.2692e+00
 2.7286e+00
 7.2881e-01
 6.1900e-02
 7.9028e-01
 1.9849e+00
 6.9960e-01
 6.6506e-01
 4.5353e-02
 1.3241e-01
 4.4258e+00
 4.2633e-02
 4.5726e-02
 6.5293e+00
 3.9336e-01
-1.3787e-01
 9.7114e-01
 1.7406e-01
 1.2234e+00
 2.3395e+00
 1.7729e+01
 3.2032e+01
 9.1575e+00
 1.4028e+01
 5.5896e+01
 1.6846e+01
 1.9111e+00
 4.9696e+00
 4.3159e+00
 2.0307e-01
 9.6617e-01
 1.8907e+00
 5.4335e-01
 1.4067e-02
 6.7563e-02
 9.9360e-02
 4.4832e-01
 8.6859e-01
 1.8561e-01
 1.0646e-01
 1.1007e-01
 1.3820e-01
 4.5726e-02
-7.1930e-01
-7.7331e-01
-1.0035e+00
 6.9541e-01
 3.9260e-01
 6.0712e-01
 6.7067e+00
 6.6822e+00
 2.6427e+00
 2.0515e+00
 1.4028e+01
 3.6976e+01
 4.4766e+00
 3.3847e+00
 2.4439e+00
 1.6418e+00
 1.3442e+00
 4.4028e+00
 1.7464e+00
 2.0925e+00
 1.4164e+00
 1.3196e+00
 2.2973e+00
 6.4535e+00
 2.0491e-01
 8.5875e-01
 1.0482e+00
 3.1233e+00
 1.3820e-01
 4.0906e-02
 3.1466e-01
-9.3898e-01
-1.4669e+00
-1.3656e+00
 8.6472e-01
 1.2154e+00
 4.5293e+00
 4.9546e+00
 1.8160e+00
 2.0515e+00
 4.5873e+00
 7.3118e+00
 2.4563e+00
 3.7670e+00
 6.4940e-01
 1.4721e+00
 6.7298e-01
 1.7473e-01
-2.9762e-01
 1.1994e+00
 3.5125e-01
 3.2647e-01
 4.8482e-02
 2.5874e-02
 4.0116e-02
 9.8355e-02
 5.9363e+00
 3.1233e+00
 9.7433e-01
 7.9980e-01
 9.8268e-01
 1.9658e-02
 7.2156e-01
 6.7380e-01
 1.0046e+00
 2.5091e+00
 5.0833e+00
 2.2442e+00
 1.8160e+00
 2.0833e+00
 7.0046e+00
 3.9801e+00
 4.4423e+00
 2.5213e+00
 4.3071e-01
 2.8869e+00
 1.8695e+00
 4.7685e+00
 6.9769e-01
 2.7087e-01
 9.4145e-03
 1.1327e-02
 1.6986e-02
 1.4632e+00
 3.0335e+00
 1.9374e-01
 5.9363e+00
 1.9822e+00
 3.6112e-01
 2.8221e-01
 2.7173e-01
 4.7040e-02
 2.3032e-01
 3.1960e-01
 1.3770e+00
 1.5702e+00
 4.5714e+00
 2.2442e+00
 2.5062e-01
 3.7983e+00
 1.1240e+00
 4.3668e+00
 3.9825e+00
 1.9664e-01
 1.1278e+00
 9.1523e-01
 2.0350e+00
 4.7685e+00
-4.3984e-01
-1.2176e-01
 6.2258e-03
 9.6291e-03
 3.6617e-02
 6.4580e+00
 1.2513e+00
 1.9374e-01
 2.6091e+00
 1.5042e-01
 8.4795e-02
 3.3487e-01
 1.4932e-01
 2.7271e-01
 1.7811e-01
 1.6591e-01
 1.2713e+00
 5.2029e-01
 4.5714e+00
 4.6302e+00
 7.3405e+00
 3.0377e+00
 2.8690e+00
 8.4401e-01
 1.2841e+00
 4.3551e-01
 2.8186e+00
 1.9770e+00
 2.0350e+00
 4.2760e-01
-1.1015e-01
-9.0946e-01
-1.2095e-01
 4.0090e-01
 2.8142e-02
 4.1252e-01
 1.8643e-01
 5.7239e+00
 2.0614e-01
 3.1978e-01
 1.6790e-01
 8.6600e-02
 3.0669e-02
 2.1071e-01
 1.3533e+00
 6.1787e-01
 1.2713e+00
 5.2029e-01
 2.2751e+00
 1.1380e+00
 3.1108e+00
 2.2805e+01
 9.9225e-01
 3.2005e+00
 5.4665e+00
 1.0560e+00
 2.5469e+00
 1.9770e+00
 6.3157e+00
 2.2402e+00
-2.0567e+00
-2.0588e+00
-3.2134e-01
 1.9252e+00
 3.5553e-01
 4.6339e-02
 4.5725e-02
 1.4346e+01
 6.1159e-02
 2.7264e-01
 5.9678e+00
 2.0070e-01
 9.9439e-01
 2.4133e+00
 6.7510e-01
 6.1787e-01
 6.3231e-01
 1.2836e+00
 4.6014e+00
 5.6495e+00
 1.7822e+01
 1.9856e+01
 9.2513e+00
 1.6807e-01
 3.7839e-01
 3.4668e+03
 2.5469e+00
 1.8439e-01
 4.3574e+00
 4.7836e-02
-4.5904e-01
 2.5706e-01
 3.2649e-01
 1.0098e+00
 3.5553e-01
 2.2751e-01
 1.9844e-01
 2.7427e-01
 1.3244e+03
 4.7532e+00
 7.0296e+00
 3.6733e-02
 2.5798e-01
 2.3923e-01
 6.7510e-01
 1.4000e+00
 1.5014e+00
 1.2437e+01
 8.5351e+00
 2.1920e+01
 1.7214e+01
 1.6903e+01
 7.4044e+00
 1.4960e+00
 5.9102e+00
 3.4668e+03
 1.4298e+00
 3.8228e+00
 1.4357e+00
 4.2418e-02
-1.0092e+00
 4.6255e-01
 2.0715e+00
 1.0098e+00
 5.4700e+00
 1.8512e+00
 4.3765e-02
 9.6787e-02
 4.3248e-02
 2.2995e-01
 4.7602e-02
 1.1144e-01
 8.8093e-01
 2.3923e-01
 7.0117e-01
 6.8444e-01
 2.2099e+00
 1.9207e+00
 7.0086e+00
 1.7735e+01
 1.7642e+01
 1.6666e+01
 3.6538e+00
 2.0526e-01
 5.9102e+00
 1.8195e+00
 2.2687e-01
 2.6627e+00
 2.2358e+00
 3.6457e-02
 3.6329e-01
-3.6104e-01
 2.0715e+00
 1.5515e+00
 5.6369e+00
 1.9389e-01
 4.0525e-02
 2.4254e-01
 3.7727e-01
 3.6648e+00
 1.1305e-01
 1.1648e+00
 8.8093e-01
 1.8481e+00
 1.1464e+00
 3.7622e+00
 2.4542e+00
 1.7496e+00
 1.6021e+00
 1.3103e+01
 1.7036e+01
 1.1361e+01
 9.6263e+00
 2.0526e-01
 2.2635e-01
 4.7306e-02
 4.4426e+00
 2.3970e+00
 3.7121e+00
 2.8110e-01
 9.7716e-01
-3.6104e-01
-1.0871e-01
 6.2889e+00
 3.7797e+00
 7.7151e-01
 9.9231e-02
 1.3221e+00
 2.4200e+00
 7.1290e-01
 1.9041e+00
 5.8497e-01
 2.1158e+00
 3.0881e+00
 1.0971e+00
 9.7143e-01
 6.2139e-01
 1.1713e+00
 2.4040e+00
 1.6807e+01
 1.5429e+01
 1.1361e+01
 9.6263e+00
 1.6378e+00
 9.5584e-01
 4.7740e-01
 4.6104e+00
 5.7808e-01
 1.1136e-01
 7.3365e-01
 9.7716e-01
-7.1917e-01
 4.2103e-01
 2.0800e+00
 3.3201e+00
 1.7853e-01
 1.0307e+00
 2.7236e+00
 5.7057e+00
 2.7050e+00
 2.3283e+00
 4.5755e-01
 7.5817e-01
 2.2909e+00
 2.6535e+00
 3.4907e-01
 3.0439e+00
 3.3577e+00
 2.3919e+00
 1.0736e+01
 1.5429e+01
 3.3356e+00
 4.6419e+00
 4.1680e+00
 1.3096e+00
 1.4816e-01
 2.4132e+00
 5.6143e-01
 4.3684e+00
 4.6178e-01
 1.8381e-02
 3.7396e+00
 1.3121e+00
 1.2549e+00
 1.6265e+00
 3.8171e+00
 1.8054e+00
 2.3602e-01
 3.4050e-01
 2.7050e+00
 2.5074e+00
 8.4539e-01
 7.6003e-01
 6.6185e-01
 5.3519e-01
 6.9980e-01
 5.6003e-01
 1.4829e+00
 1.1019e+01
 1.0736e+01
 4.3190e+00
 2.6411e+00
 4.1280e+00
 6.4478e-01
 6.6179e-01
 8.2983e-01
 1.6023e+00
 2.0418e+00
 4.9912e+00
 1.9300e+00
 1.9923e+00
 2.6570e-02
 1.5357e+00
 4.6257e-01
 7.5370e-01
 1.2325e+00
 2.7250e+00
 1.7668e-01
 3.4050e-01
 2.6273e+00
 8.0402e-01
 1.0917e+00
 8.7714e-01
 7.9092e-01
 5.6936e-01
 8.9977e-01
 1.5052e-01
 1.4065e+00
 1.1019e+01
 2.6475e+00
 2.0604e+00
 8.8253e-01
 1.0012e+00
 2.6502e+00
 2.1077e+00
 7.3054e-01
 1.3682e+00
 5.7420e+00
 4.6595e+00
 1.9300e+00
 1.4134e+00
 1.6546e+00
 1.4634e+00
 5.9392e-01
 2.1997e+00
 4.6849e-01
 1.9608e+00
 1.7668e-01
 1.9637e+00
 6.4626e-01
 1.8089e-01
 1.1978e+00
 5.1221e+00
 4.3016e-01
 4.0171e-01
 6.7824e-01
 7.5556e-01
 1.4065e+00
 4.0993e+00
 3.2045e+00
 1.7282e+00
 2.0440e+00
 8.2444e-01
 6.9529e-01
 8.5930e-01
 1.6302e+00
 2.1458e+00
 2.2290e+00
 4.6595e+00
 4.9180e-02
 9.7491e-01
 3.8332e-02
 1.9329e+00
 1.6868e+00
 1.0584e+00
 7.5177e-01
 1.9608e+00
 2.7339e+00
 1.2509e+00
 5.0374e-01
 1.5113e+00
 7.5350e-01
 2.8157e-01
 3.3072e-01
 9.9490e-01
 2.6871e+00
 1.3734e+00
 1.2466e+00
 7.3072e+00
 4.4422e-01
 9.2256e-01
 1.0679e+00
 4.0001e-01
 8.5506e-01
 3.2166e-01
 5.2474e-01
 2.1458e+00
 2.2290e+00
 4.0185e+00
 1.0859e-01
 3.3206e-01
 3.2788e-01
 6.2979e-02
 1.6186e+00
 1.4331e+00
 7.5177e-01
 2.0738e-01
 1.5567e+00
 7.0892e-01
 1.9789e-01
 2.2911e+00
 8.2265e-01
 1.5002e+00
 4.7182e+00
 3.7741e+00
 4.8295e-01
 1.6006e+00
 3.7532e-01
 5.2424e+00
 1.1134e+01
 9.8380e-01
 3.0853e-01
 6.0647e-01
 7.0399e-01
 1.6093e-01
 5.2474e-01
 3.1156e+00
 4.8032e+00
 9.8242e-01
 3.7941e+00
 1.0161e+00
 8.2085e-01
 2.9188e+00
 5.8547e-01
 1.4331e+00
 1.9271e-01
-1.1476e-01
 1.2004e+00
 1.0283e+00
 1.2444e+00
 3.8591e+00
 2.5172e+00
 2.8843e+00
 7.8098e-01
 3.7741e+00
 3.5211e-01
 3.1979e+00
 5.9575e-01
 5.6875e+00
 2.2106e+00
 1.7382e-01
 4.5527e-01
 8.4751e-01
 2.0129e-01
 1.6093e-01
 3.2922e-01
 1.7775e+00
 2.3862e+00
 4.0551e-01
 2.3399e+00
 2.3701e+00
 2.5652e+00
 1.6966e+00
 5.8547e-01
 3.9046e-01
 1.7035e+00
 1.2720e+00
 3.7593e-01
 1.5419e+00
 2.1008e-01
 1.8591e+00
 3.7434e+00
 2.3047e+00
 7.8098e-01
 1.9313e+00
 5.6181e-01
 7.2174e+00
 5.6644e+00
 6.6692e+00
 8.7742e-01
 5.0378e-01
 1.4171e+00
 1.8302e+00
 2.0129e-01
 6.6901e-01
 1.5269e-01
 7.0327e-01
 3.3004e+00
 3.3226e+00
 3.5384e-01
 2.2316e+00
 2.5652e+00
 1.6966e+00
 1.6925e+00
 1.9346e+00
 1.2728e+00
 2.7463e+00
 2.3289e+00
 5.7861e+00
 1.1924e+01
 1.0132e+00
 2.5235e+00
 2.3047e+00
 3.9952e-01
 1.8035e+00
 2.9059e+00
 3.7525e+00
 5.2594e-01
 5.9920e+00
 1.1718e+00
 9.1088e-01
 4.8297e+00
 1.8302e+00
 6.2591e-01
 5.6015e-01
 9.6769e-01
 1.0618e+00
 8.9570e-01
 4.3928e-01
 7.5545e-01
 2.2316e+00
 3.7874e-01
 2.1332e+00
 5.0633e-01
 1.4906e+00
 6.5004e-01
 7.2543e-01
 3.3435e-01
 3.5498e+00
 4.6452e+00
 4.0085e+00
 2.5235e+00
 1.6651e+00
 5.4529e+00
 5.8651e-01
 8.8561e-01
 4.1455e+00
 1.1718e+00
 9.4355e+00
 8.7711e+00
 6.9839e+00
 3.8463e+00
 3.6304e+00
 4.9285e-01
 2.7719e-01
 1.1783e+00
 3.3226e+00
 8.2184e-01
 4.0697e-01
 2.8480e+00
 4.9959e+00
 6.0237e+00
 2.2973e+00
 2.2472e+00
 6.1784e-01
-1.2802e+00
-2.0875e+00
-1.6370e+00
-1.2823e+00
 6.6828e-01
 4.0085e+00
 1.3893e+00
 7.7414e+00
 8.2446e+00
 4.1719e+00
 5.9601e+00
 8.2957e+00
 4.8942e+00
 1.0184e+01
 3.3444e+00
 5.0704e+00
 7.0567e+00
 7.8920e+00
 7.3415e+00
 5.4700e+00
 2.8915e+00
 2.9433e+00
 1.2336e+00
 2.9259e+00
 4.6960e+00
 3.9374e-01
 2.6014e+00
 3.9713e+00
 3.3565e+00
 6.8194e+00
 4.6429e+00
 2.8205e+00
 3.7123e+00
 4.7564e-01
 6.6828e-01
 1.3936e+00
 4.5967e+00
 6.4042e+00
 1.8791e+00
 1.0489e+00
 1.1553e+00
 1.1201e+00
 3.9586e+00
 6.5690e+00
 2.4752e+00
 6.5200e+00
 6.2252e+00
 6.4192e+00
 5.5909e+00
 6.4018e+00
 4.8114e+00
 9.5323e-01
 1.1112e+00
 2.4018e-01
 4.6960e+00
 1.7748e+00
 8.2296e-01
 3.9299e+00
 1.3713e+00
 1.8125e+00
 4.8003e-01
 6.3081e+00
 1.9977e+01
 4.7564e-01
 6.5179e-01
 5.0822e-01
 1.4741e+01
 1.0745e+00
 1.2774e+00
 9.3883e-01
 1.7631e+00
 1.8986e+00
 4.6851e+00
 6.5690e+00
 5.7498e+00
 6.5599e+00
 7.4279e+01
 6.5114e+00
 6.1405e+00
 3.9059e+00
 5.9434e+00
 5.0416e+00
 2.5905e+00
 2.4018e-01
 1.4277e+00
 1.7353e+00
 1.5243e+00
 1.7484e+00
 5.6998e-01
 5.5681e-01
 5.2775e-01
 6.3081e+00
 1.9977e+01
 6.8259e-01
 6.2178e-01
 1.4925e+00
 6.0165e+00
 4.6727e+00
 5.1609e-01
 7.4830e-01
 1.3272e+00
 1.8206e+00
 4.6851e+00
 2.8086e+00
 6.3567e+00
 5.8653e+00
 6.0597e+00
 6.2845e+00
 6.3690e+00
 6.3398e+00
 2.1263e+00
 1.0894e+00
 2.5905e+00
 7.4361e-01
 1.7485e+00
 1.0202e+00
 7.8797e-01
 7.9079e-02
 5.8409e-02
 3.5924e-01
 5.2775e-01
 3.4477e+00
 1.3223e+01
 6.9803e+00
 7.1137e+00
 6.2446e-01
 5.9716e+00
 3.2079e+00
 4.4022e+00
 1.4187e+00
 2.6794e+00
 1.8206e+00
 4.5029e+00
 3.2996e+00
 4.2818e+00
 7.3821e+00
 6.4070e+00
 2.4094e+00
 5.3087e+00
 6.4600e-01
 8.9210e-01
 6.2182e-01
 2.0410e+00
 1.8299e+00
 1.7344e+00
 3.9993e-02
 1.5979e-01
 4.5834e-01
 1.2313e+00
 3.5924e-01
 1.0848e+00
 3.7429e+00
 6.1140e-01
 5.5588e-01
 6.0112e+00
 8.4576e-01
 4.4444e+00
 2.2587e+00
 2.3888e+00
 6.4270e+00
 2.6794e+00
 2.8519e+00
 6.6790e+00
 1.5883e+00
 4.6682e+00
 4.6293e+00
 2.4790e+00
 1.4786e+00
 3.7106e+00
 4.7063e-01
 1.5539e+00
 8.7758e-01
 1.5057e+00
 7.9009e-01
 4.2221e-01
 3.9157e-01
 1.6912e+00
 9.4270e-01
 1.2313e+00
 9.1971e-01
 9.8283e-01
 4.6924e+00
 2.4151e+00
 2.4093e+00
 6.8901e+00
 5.7840e+00
 7.4172e+00
 1.8687e+00
 1.4759e+00
 6.4270e+00
 1.0883e+01
 1.2918e+01
 1.6105e+01
 1.1231e+01
 1.0520e+01
 1.0572e+01
 2.7978e+00
 3.6289e+00
 1.5885e+00
 1.1731e+00
 1.3999e+00
 2.9201e-01
 7.1055e-01
 1.0270e+00
 1.1801e+00
 2.1729e+00
 2.7157e-01
 9.4270e-01
 7.1487e-01
 5.4966e-01
 1.1215e+00
 4.5960e+00
 5.4469e-01
 5.1141e+00
 4.9437e+00
 1.4017e+01
 2.4887e+00
 3.6949e+00
 1.4759e+00
 1.6646e+01
 1.6017e+01
 1.3698e+01
 1.3325e+01
 1.1448e+01
 1.4808e+01
 1.0553e+01
 6.3903e+00
 9.9239e+00
 1.5885e+00
 3.0646e-01
 2.8593e+00
 2.9039e+00
 1.6341e+00
 1.7586e+00
 1.7686e+00
 3.2527e+00
 2.7157e-01
 8.2070e-01
 4.5196e-01
 4.1766e-01
 6.8557e-01
 3.0266e+00
 7.9337e-01
 4.2473e+00
 7.2845e-01
 1.2159e+00
 2.4887e+00
 3.6949e+00
 8.8603e+00
 1.7463e+01
 1.4385e+01
 1.7156e+01
 2.2343e+01
 1.5973e+01
 1.3915e+01
 1.1730e+01
 1.9002e+01
 9.9239e+00
 2.6324e+00
 3.3765e+00
 6.6189e+00
 3.2305e+00
 1.6513e+00
 2.0510e+00
 3.2248e+00
 3.2527e+00
 2.2020e+00
 1.2433e+00
 1.5042e+00
 1.0460e+00
 9.2152e-01
 5.7970e+00
 3.2992e+00
 1.1598e+01
 5.3852e+00
 1.2159e+00
 5.3334e+00
 7.2050e+00
 1.0269e+01
 1.4252e+01
 1.4063e+01
 1.5393e+01
 1.8823e+01
 1.1719e+01
 1.2798e+01
 2.6021e+01
 1.9002e+01
 9.9100e+00
 7.1547e+00
 6.6011e+00
 6.6619e+00
 4.2373e+00
 1.5661e+02
 8.6797e-01
 8.3658e+00
 1.5430e-01
 1.2936e+00
-2.3624e+00
 3.7996e-01
 8.5828e-01
 2.1490e+00
 3.3616e+00
 1.1931e+00
 5.7487e+00
 5.3852e+00
 5.1086e+00
 8.0216e+00
 2.0131e+01
 1.1961e+01
 1.4517e+01
 1.7600e+01
 1.3984e+01
 1.7689e+01
 1.0245e+01
 1.5970e+01
 2.6021e+01
 1.3242e+01
 1.0184e+01
 1.0522e+01
 9.2122e+00
 2.2433e+01
 4.2129e+00
 2.2263e+00
 1.2625e+00
 2.0209e+00
 9.0385e-01
 9.2777e-01
-1.7495e+00
-7.3365e-02
 5.1212e-01
 9.7122e-01
 5.5376e-01
 1.2253e+00
 5.7487e+00
 2.7781e+00
 1.5127e+00
 4.5781e+00
 1.2739e+01
 1.6756e+01
 1.5246e+01
 1.9472e+01
 1.7614e+01
 2.3237e+01
 1.8922e+01
 1.5970e+01
 1.6425e+01
 1.2279e+01
 1.7513e+01
 1.7652e+01
 1.0496e+01
 1.3218e+01
 1.2150e+01
 6.8464e+00
 6.3059e+00
 2.1525e+00
 1.3993e+00
 5.2861e-01
 3.9158e-01
 7.4152e-01
 5.0863e-02
 8.2005e-01
 9.2990e-01
 1.2253e+00
 7.9329e+00
 6.2223e+00
 1.1027e+01
 1.1532e+01
 1.5548e+01
 1.7283e+01
 1.5703e+01
 2.1640e+01
 1.9662e+01
 2.3237e+01
 1.8922e+01
 1.5876e+01
 1.3922e+01
 1.5980e+01
 1.9736e+01
 1.7900e+01
 1.5338e+01
 1.8334e+01
 1.5151e+01
 2.9272e+00
 6.3059e+00
 3.2794e+00
 8.9471e-01
 4.0427e-01
 6.9849e-01
 1.3587e+00
 9.1399e-01
 3.6359e+00
 9.2990e-01
 2.3905e+00
 1.1864e+01
 1.3781e+01
 8.6561e+00
 7.5873e+00
 1.4416e+01
 1.6067e+01
 1.4786e+01
 2.8942e+01
 1.9662e+01
 1.5298e+01
 1.9035e+01
 1.4610e+01
 1.5434e+01
 1.8419e+01
 1.7402e+01
 1.7839e+01
 1.5633e+01
 7.2819e+00
 4.7780e+00
 2.9272e+00
 3.6186e+00
 2.1391e+00
 2.6727e-01
 3.7828e-01
 3.2256e+00
 2.4195e+00
 2.3712e+00
 3.6359e+00
 3.0395e+00
 8.8642e+00
 1.0412e+01
 4.0716e+00
 2.1155e+00
 5.6066e+00
 1.3999e+01
 1.4537e+01
 1.5475e+01
 2.8942e+01
 2.7343e+01
 3.8106e+01
 2.1039e+01
 1.6228e+01
 1.7025e+01
 1.6184e+01
 1.1005e+01
 1.4142e+01
 1.1746e+01
 1.2802e+01
 4.7780e+00
 4.8321e+00
 5.4175e+00
 8.9360e+00
 3.2834e+00
 1.9379e+01
 7.4130e+00
 6.7720e+00
 2.3712e+00
 1.8150e+01
 1.5976e+01
 2.9574e+00
 9.1640e+00
 1.0488e+00
 5.3844e+00
 9.7400e+00
 1.1574e+01
 1.0781e+01
 1.5475e+01
 2.1563e+01
 2.7339e+01
 2.6050e+01
 2.3008e+01
 1.9637e+01
 1.7246e+01
 1.6495e+01
 1.4904e+01
 1.9041e+01
 1.1746e+01
 1.2802e+01
 9.7865e+00
 4.7273e+00
 6.1830e+00
 4.4910e+00
 9.6708e-01
 7.7660e-01
 6.4559e+00
 6.7720e+00
 4.1955e+00
 1.5830e+00
 1.1795e+00
 9.0245e-01
 4.7823e+00
 8.5353e+00
 1.7863e+01
 8.0061e+00
 1.0619e+01
 1.0781e+01
 1.3693e+01
 2.0056e+01
 2.2561e+01
 1.8217e+01
 1.5868e+01
 1.9616e+01
 5.0864e+01
 1.8939e+01
 1.2616e+01
 1.9041e+01
 8.7038e+00
 1.1678e+01
 1.1239e+01
 7.1379e+00
 2.6224e+00
 2.0672e+00
 3.9260e-02
 2.5300e-01
 6.4559e+00
 5.3533e+00
 2.3133e+00
 3.6206e-01
 1.2512e+00
 4.5691e-01
 3.5921e+00
 1.7973e+01
 4.1890e+00
 7.9720e+00
 1.0619e+01
 7.4102e+00
 1.1197e+01
 8.7946e+00
 1.5982e+01
 1.9818e+01
 1.5006e+01
 2.6385e+01
 1.1516e+02
 1.8763e+01
 1.2616e+01
 1.7866e+01
 1.4406e+01
 1.1652e+01
 5.7270e+00
 2.9598e+00
 4.3141e-01
 1.3776e+00
 9.2661e-01
 1.6313e+00
 2.4090e+00
 1.6221e+00
 7.1628e-01
 1.5187e+00
 3.3371e+00
 7.5597e+00
 6.8150e+00
 7.7840e+00
 3.6117e+00
 7.9720e+00
 1.1655e+01
 8.1316e+00
 1.4397e+01
 9.9602e+00
 1.3873e+01
 1.5013e+01
 1.5943e+01
 2.4606e+01
 2.1681e+01
 1.8763e+01
 9.2981e+00
 5.9549e+00
 6.0439e-01
 6.4500e+00
 8.1604e+00
 3.1630e+00
 1.4856e+00
 2.8997e+00
 3.1623e+00
 1.7659e+00
 1.7283e+00
 4.6619e+00
 6.2940e+00
 1.0067e+01
 2.5466e+00
 3.2116e-01
 1.2761e+00
 7.6164e+00
 3.6117e+00
 7.4691e+00
 1.0257e+01
 6.1095e+00
 1.6960e+01
 1.7197e+01
 1.8475e+01
 1.7399e+01
 3.5670e+01
 1.7842e+01
 2.1681e+01
 8.2307e+00
 2.7336e+00
 7.8903e-01
 2.1359e+00
 8.1536e+00
 3.1800e+00
 1.6376e+00
 1.6584e+00
 3.6314e+00
 6.4277e-01
 2.3298e+00
 2.0832e+00
 3.5872e+00
 1.9081e-01
 4.4345e+00
 1.4106e-01
 1.9176e-01
 2.4267e+00
 7.6164e+00
 6.0040e+00
 7.0650e+00
 1.1624e+01
 1.9221e+01
 2.5033e+01
 1.2382e+01
 1.5507e+01
 2.0049e+01
 1.8890e+01
 1.7842e+01
 2.4039e+01
 9.7840e+00
 5.8384e+00
 1.8351e+00
 8.0419e-01
 2.9132e+00
 2.5015e+00
 2.9128e+00
 1.2431e+00
 3.6314e+00
 1.5787e+00
 8.5209e-01
 4.8931e-01
 2.0842e+00
 5.3602e-01
 4.5592e+00
 1.7417e+00
 1.5686e+00
 2.4267e+00
 6.7137e+00
 4.2991e+00
 8.3127e+00
 1.3964e+01
 1.4835e+01
 1.2712e+01
 1.7794e+01
 1.8632e+01
 1.6076e+01
 1.8890e+01
 2.5719e+01
 1.4806e+01
 9.7782e+00
 6.2270e+00
 5.9955e-01
 1.1444e-01
 2.3140e+00
 1.3765e+00
 4.2058e+00
 1.2431e+00
 3.5917e+00
 2.7535e-01
 3.9778e-01
 3.6830e-01
 1.4204e+00
 8.1046e-01
 4.3259e+00
 9.9918e-01
 1.5686e+00
 3.2384e+00
 2.8670e+00
 6.2701e+00
 1.1450e+01
 8.1318e+00
 1.5620e+01
 1.1821e+01
 1.9072e+01
 2.2857e+01
 1.6076e+01
 2.4343e+01
 2.2664e+01
 1.5207e+01
 1.1908e+00
 1.1158e+00
 1.1497e+00
 1.1045e+00
 2.8045e+00
 1.9708e+00
 4.2058e+00
 9.5181e-01
 3.6876e+00
 2.4086e-01
 5.0292e-01
 5.0799e-01
 2.2597e+00
 3.8552e-01
 2.9708e+00
 3.5160e-02
 7.2667e-01
 2.4983e+00
 8.8252e-01
 2.0755e+01
 5.6935e+00
 8.7971e+00
 1.0703e+01
 2.5335e+01
 1.7929e+01
 2.2857e+01
 2.0301e+01
 1.1044e+02
 1.9641e+01
 1.7391e+01
 3.8562e+00
 1.0850e+00
 1.2936e+00
 1.8074e+00
 1.4238e+00
 1.9708e+00
 1.2200e+00
 1.3457e+00
 4.6607e+00
 4.1886e-01
 1.0255e+00
 4.2532e-02
 5.8330e-01
 2.8019e-02
 9.7221e-01
 8.4732e-01
 5.8459e-01
 4.1193e+00
 6.8396e+00
 8.4185e+00
 1.6620e+01
 1.6002e+01
 1.6600e+01
 6.8493e+00
 1.7929e+01
 1.7896e+01
 2.2759e+01
 2.4216e+01
 1.7799e+01
 1.3423e+01
 1.5802e+00
 3.7480e-01
 1.1947e+01
 9.9322e+00
 1.4238e+00
 2.8978e-01
 5.9214e-01
 4.1285e+00
-9.4912e+00
 1.2494e+00
 1.1526e+00
 1.6949e+00
 1.9533e+00
 5.9572e-01
 4.8444e+00
 6.7060e-01
 2.2029e+00
 7.7895e+00
 1.3137e+01
 6.1146e-02
 1.8662e-03
 1.8678e+00
 2.0761e+01
 6.8493e+00
 1.3979e+01
 3.0316e+01
 5.0747e+01
 4.8581e+01
 1.0286e+02
 2.7418e+01
 3.1592e+01
 1.8086e+01
 8.5118e+00
 9.9322e+00
 3.1235e+00
 1.9411e+00
 1.5537e+00
 2.2731e+00
 8.5897e-01
 5.5567e-01
 2.2923e-01
 1.2715e-01
 1.9533e+00
 5.6272e-01
 9.2117e+00
 3.6429e+00
 7.9019e+00
 8.5040e+00
 1.9377e+00
 5.6944e+00
 1.2614e+00
 5.8263e+00
 2.0761e+01
 1.8248e+01
 2.4819e+01
 3.0397e+01
 6.7431e+00
 3.3598e+00
 3.2515e+00
 1.3527e+01
 1.5210e+01
 1.3182e+01
 8.5118e+00
 1.1798e+00
 7.4400e-01
 3.1269e-01
 7.5328e-01
 4.5795e-01
 5.5167e-01
 1.0660e+00
 1.2416e+00
 1.2715e-01
 5.0360e-01
 7.1373e-01
 4.5408e+00
 3.5988e+01
 5.4763e+00
 8.5839e-01
 1.0798e+00
 2.6235e+00
 1.2984e+01
 5.8263e+00
 6.7666e+00
 7.1655e+00
 5.2900e+00
 2.7453e+01
 1.5008e+00
 2.5371e+00
 1.4653e+01
 1.0612e+01
 2.1254e+00
 1.3182e+01
 1.0602e+01
 4.1151e+00
 9.0266e-01
 5.6291e-01
 3.3674e+00
 2.5939e+00
 9.4920e-01
 9.4443e-01
 1.2416e+00
 5.0912e-01
 3.3235e+00
 5.4361e+00
 1.4188e+01
 2.4774e+01
-1.3902e+00
 2.7333e+00
 1.0111e+01
 9.2284e+00
 1.1332e+01
 6.5060e+00
 8.7504e+00
 6.2207e+00
 3.5083e+00
 9.1343e+01
 2.1740e+01
 9.2021e+00
 1.3760e+01
 1.1524e+01
 2.1254e+00
 1.5506e+01
 8.4533e+00
 1.5475e+00
 7.3011e-01
 5.4674e-01
 1.7028e+00
 1.5665e+00
 1.5518e+00
 9.4443e-01
 1.2042e+00
 2.5410e+00
 1.0840e+01
 7.5683e+00
 1.6315e+01
 2.4929e+01
 1.8128e+01
 7.5105e+00
 4.3216e+00
 1.4755e+01
 9.8024e+00
 8.8320e+00
 9.6713e+00
 1.2391e+01
 1.7586e+01
 3.0794e+01
 9.3265e+00
 1.3308e+01
 2.9109e+01
 1.1524e+01
 9.5315e+00
 7.2656e+00
 7.3635e-01
 2.2297e+00
 3.4102e+00
 2.5981e+00
 1.4728e+00
 3.5640e-01
 9.2173e-01
 6.0496e+01
 1.5207e+01
 1.3605e+01
 1.4516e+01
 1.8325e+01
 1.1035e+01
 4.2962e+00
 2.0813e+00
 8.7421e-01
 1.7486e+00
 5.5125e+00
 5.5144e+00
 3.2430e+00
 3.7181e+00
 5.3655e+00
 3.2098e+00
 2.3394e+01
 6.6735e-01
 1.5014e+00
 2.9109e+01
 2.1317e+01
 3.3812e+01
 2.0263e+01
 1.6820e+01
 1.5861e+01
 6.2149e+00
 1.6825e+00
 1.0594e+00
 9.8455e-01
 9.2173e-01
 8.7647e+00
 8.3538e+00
 6.0512e+00
-5.3328e-01
 8.4977e-01
 2.8220e+00
 3.0288e+00
 4.0263e+00
 8.7421e-01
 1.9583e+00
 3.7576e+00
 3.3630e+00
 1.6082e-01
 2.8270e+00
 5.0750e+00
 2.4941e+00
 2.2933e+01
 6.0929e+00
 1.5014e+00
 1.0178e+01
 1.1675e+00
 6.4045e-02
 2.5080e-01
 3.5308e-01
 5.3499e-01
 2.1968e-01
 5.0319e-01
 2.3152e-01
 9.8455e-01
 4.9453e-01
[ CPUDoubleType{2100,1} ]
