  -3.5554
  -5.0264
  -5.7065
  -6.4425
  -6.8075
  -6.6127
  -5.1945
  -4.5780
  -3.8459
  -3.2151
  -3.1712
   0.3724
  -1.0189
  -2.4502
  -3.3357
  -3.5664
  -3.4165
  -2.5532
  -1.2477
  -0.5538
  -0.2596
  -0.4196
  -0.6805
  -0.6894
   0.5184
   1.5513
  -1.9577
  -0.1235
   4.2653
   4.4876
  -2.4093
  -4.6280
  -5.6020
  -6.5566
  -7.1721
  -7.2617
  -6.1030
  -5.5468
  -4.5861
  -3.6030
  -3.3259
   0.1941
  -1.4611
  -3.2408
  -4.2627
  -4.0055
  -2.9225
  -1.6311
  -0.3432
   0.2474
   0.3564
  -0.3209
  -1.4702
  -2.3879
  -2.8307
  -0.6450
  -2.5837
   0.5574
   5.0131
   4.4796
  -2.5351
  -4.7046
  -5.4946
  -6.2431
  -6.7908
  -7.0798
  -6.2960
  -5.9862
  -5.0595
  -4.0259
  -3.6150
  -0.0742
  -1.6566
  -3.4415
  -4.2741
  -3.4395
  -2.0454
  -0.8566
   0.5903
   1.4098
   1.3720
  -0.2768
  -2.6988
  -4.3620
  -5.3070
  -2.6527
  -2.5281
   0.2970
   4.4964
   3.3954
  -2.1611
  -4.6400
  -4.7934
  -4.6134
  -4.0468
  -4.0531
  -4.0159
  -3.6970
  -2.0889
  -1.3115
  -1.7463
   1.0263
  -0.6704
  -2.7107
  -3.9500
  -3.6129
  -3.0999
  -2.3412
  -0.2881
   1.4807
   1.6763
  -0.0320
  -2.7510
  -4.8413
  -6.1032
  -3.5221
  -0.6598
   2.1493
   5.4383
   3.9058
  -1.9757
  -4.6415
  -4.8750
  -4.6249
  -3.6585
  -2.7751
  -2.2310
  -2.0571
  -1.1342
  -1.2037
  -2.0341
   0.8978
  -0.2670
  -1.6018
  -2.3338
  -2.5164
  -3.4032
  -3.3238
  -1.1643
   0.8798
   0.9611
  -0.0908
  -2.2124
  -4.0962
  -4.8422
  -0.2093
   3.1821
   4.1906
   7.2964
   5.0680
  -1.5428
  -4.8946
  -5.7559
  -5.6620
  -4.2272
  -2.5166
  -1.4448
  -1.8499
  -1.9432
  -2.6127
  -3.2745
   0.5512
   0.8020
   1.4440
   3.1385
   4.0929
   1.6063
   0.4062
   1.5522
   2.2329
   2.3257
   1.5256
  -0.1757
  -2.2484
  -3.0458
   1.0909
   2.0573
   0.8862
   5.0763
   4.1056
  -1.9634
  -5.3946
  -6.3319
  -5.9426
  -3.7909
  -1.1573
   0.4319
  -0.6835
  -1.9078
  -3.1739
  -3.8460
   0.5054
   1.5751
   3.5574
   7.7595
  11.0614
   7.9492
   4.7709
   3.7252
   2.5822
   1.8796
   1.4177
   0.7996
   0.4683
   2.4285
   6.7363
   3.7257
   0.9656
   4.9204
   3.8234
  -3.2874
  -5.3508
  -5.1133
  -3.7182
  -0.6622
   2.4169
   3.1550
   0.4082
  -1.5031
  -2.6930
  -3.8019
  -0.0761
   0.4075
   2.6956
   8.9389
  14.2800
  11.2701
   5.7738
   1.6103
  -0.5045
  -0.0730
   1.3557
   3.1813
   6.3077
  14.5510
  25.1400
  16.6585
  11.4045
  11.4404
   5.6720
   0.6168
  -1.0732
  -0.6510
   0.4260
   2.5368
   3.7018
   2.0602
  -2.0748
  -3.3201
  -3.0307
  -4.2021
  -1.2638
  -0.9156
   2.7225
  11.3517
  18.1758
  14.3471
   5.8331
  -1.2555
  -3.8493
  -1.6993
   1.6505
   5.1398
  10.0026
  24.1347
  43.5217
  32.4942
  22.1745
  16.1323
   6.3235
   1.3720
  -0.3857
   0.6036
   2.7331
   5.3010
   4.9903
   1.5715
  -2.6568
  -3.3196
  -2.2869
  -4.5622
  -1.0302
   1.8115
   7.7914
  18.4318
  24.7531
  17.3415
   4.5044
  -3.8356
  -5.1756
  -1.4193
   1.7318
   3.7521
   7.2909
  26.6065
  51.2505
  40.4875
  25.0923
   9.7966
   0.2030
  -1.2828
  -1.1363
   1.4924
   5.6400
  10.4955
  11.3437
   6.8157
   0.7505
  -1.7338
   0.0392
   3.1626
   9.0984
  12.0367
  17.2488
  26.1822
  27.4942
  15.0007
   0.3109
  -5.7667
  -3.5790
  -0.5563
  -0.2499
   0.6449
   6.0267
  30.5058
  56.9195
  41.8181
  20.1637
   0.2226
  -6.6631
  -4.7639
  -3.0185
   0.8379
   6.3162
  13.2152
  15.8403
  10.3731
   3.0231
   0.7267
   2.1141
   3.1219
   8.0459
  11.3973
  18.0721
  27.0078
  22.7089
   7.6042
  -2.7510
  -4.9802
  -2.7705
  -3.2071
   0.6241
   6.3628
  14.5153
  43.5461
  68.4056
  42.9083
   9.5737
  -7.1407
  -9.8213
  -6.7012
  -5.5294
  -2.9844
   1.1847
   8.0269
  11.1907
   6.0247
  -0.7006
  -3.2381
  -2.1659
   0.1835
   6.6662
  10.9180
  18.6607
  27.5645
  20.6904
   8.1601
  -2.2682
  -4.9993
   0.5798
  13.5529
  21.2635
  25.5791
  31.2443
  61.1704
  72.8608
  34.8801
  -2.8672
  -8.9728
  -2.8598
  -4.6070
  -6.7141
  -5.8565
  -2.5903
   3.6980
   6.8908
   3.9731
   0.1396
  -4.6997
  -7.3159
  -4.9328
   2.4051
   7.7955
  16.0078
  23.6598
  14.3817
   0.6780
 -11.9922
  -0.3032
   6.2854
  11.7829
  17.9964
  23.0117
  31.9822
  70.9162
  62.9913
  18.8679
 -11.3148
  -6.5629
   8.1900
  -4.3354
  -5.4487
  -4.0043
  -0.7184
   5.8135
   9.7793
   5.0046
  -3.2001
  -7.3306
  -9.0961
  -5.9499
  -2.0690
   1.3991
   5.7064
   7.9570
  -3.8267
 -21.7318
 -23.0346
  -4.2423
  -2.1990
   7.9599
  16.0628
  21.1837
  31.8605
  78.6516
  49.7541
  29.1642
  -4.8124
   0.6145
   1.8134
   6.5082
   7.8785
   7.4482
   8.0216
  13.4551
  14.8304
   3.3541
  -4.9472
  -3.1528
   1.5846
  -1.9028
  -0.7846
   0.4013
   0.1798
  -5.1083
 -19.2746
 -30.2148
 -18.1020
 -11.5328
 -11.6380
  -0.7703
   8.2131
  16.8315
  29.2906
  76.3821
  37.4529
  19.8585
 -12.0929
  -7.9437
  -2.6308
   4.8968
   6.1447
   6.4929
   9.4182
  16.9184
  16.1617
   2.8204
  -3.6236
  -0.2751
   6.2993
  -3.3367
  -0.8056
  -0.9401
  -6.1836
 -17.0961
 -21.1836
 -23.2175
 -30.6972
 -35.1906
 -20.1587
  -4.7749
   4.0658
  10.9151
  19.4582
  51.7897
  27.1912
 -12.2523
 -31.4737
 -16.6118
  -4.1752
   3.2199
   3.2679
   2.5132
   6.4024
  18.6113
  22.4413
  17.4315
   6.8088
   7.3403
   8.0192
  15.4824
  14.3548
   9.6194
   0.8755
 -10.5755
   2.9723
  -9.7318
 -10.6376
  -2.3846
   3.4942
   7.5608
  10.0350
  14.6615
  19.7977
  36.5587
  25.3247
  15.7872
  -4.3447
  -7.6130
  -4.9808
   0.4565
  -0.3649
   1.6582
   7.1237
  17.0212
  12.4048
  -4.6129
 -14.6902
 -14.6828
  -4.5696
  11.7925
  11.3258
   6.9511
   2.7871
   2.9413
  33.5984
  29.1349
  44.6269
  45.4789
  30.1105
   4.1495
  10.0964
  14.1450
  13.0113
  -0.5557
  40.8028
  99.8235
  27.5977
 -21.8802
 -26.3805
  -3.9265
   0.0982
   3.0212
   6.7764
   9.4223
  -4.2291
 -30.2836
 -37.3497
 -13.6481
   8.0776
   8.3022
   1.5918
  -7.8361
 -16.1600
  -1.6925
  54.9047
  94.7578
 125.0510
 110.8097
  71.5502
  43.8118
  35.3557
  29.7289
  28.0862
  10.7991
 131.2204
 180.9419
  78.5669
  40.8266
  16.1622
   7.2787
   0.8202
   0.9387
   2.8828
  12.6272
  24.0163
  18.7547
  11.4260
  -3.5345
  29.6915
   5.4310
  -5.7197
  -8.8997
 -14.7644
  -4.1481
  39.8703
  -6.4487
   1.2327
  14.3486
  24.9896
  27.2166
  29.2350
  28.1626
  36.2537
  44.6342
 252.9650
 311.7020
 220.0306
 127.1147
  56.0106
 -18.2526
 -11.9220
  -6.9746
 -12.3285
 -12.6947
  15.4716
  26.2946
  24.3112
 -58.4489
 -20.0348
  20.9736
  -0.4868
   1.5322
   1.9203
   9.7009
  16.2969
 -61.9751
 -86.1205
 -24.2936
  10.4128
  11.9043
   4.8628
  -7.9301
 -32.3178
  15.7629
 328.8850
 489.1145
 365.6803
 310.7930
 156.9854
  46.7535
   9.8359
   1.3704
  -1.0950
   3.6570
  13.2677
  -6.2663
 -39.4138
  45.6848
  44.6441
   9.0843
  -1.0386
   2.4103
   1.0054
  14.4191
  85.0411
   9.6002
 -31.6555
 -21.2136
   2.4556
 -18.5228
 -24.7906
 -33.1502
 -74.6110
  21.3260
 407.8375
 266.7721
  41.1913
 114.2441
  76.5073
  22.2924
  10.2036
   6.1685
   2.5279
  11.7152
  39.0529
  -4.4495
 -44.8117
 104.4765
  66.6117
 -52.3813
  -7.3611
   1.1474
 -11.7166
 -38.3045
  66.3289
   7.3794
 -61.8440
 -68.3105
 -37.4962
 -20.5166
 -19.6911
 -14.8134
 -35.9916
 120.7028
 575.9734
-136.9424
-189.8770
   8.8495
  87.9365
  22.1461
  -2.0363
 -16.1163
 -24.6600
  -3.5002
  49.3645
  81.3767
 257.6255
 494.3169
 149.0737
  22.7075
  -3.4459
  -0.5022
   2.7598
  38.9856
  17.2150
 -30.5740
 -34.5578
   2.0204
  28.8773
  21.0729
   1.6139
  -8.7239
  -7.7747
 156.7006
 582.5817
-138.0881
-133.8632
 -35.9529
 104.5883
  15.6328
 -20.4532
 -41.9350
 -56.3964
 -19.0589
  60.4865
 104.1714
 166.4663
  50.1780
 -32.3465
  -3.2260
  -0.5535
   1.4728
  -4.1349
 -12.8915
  41.8393
  12.5319
   9.4236
  35.6221
  57.1900
  13.6042
  17.4770
  -4.1720
 -20.8541
 120.2879
 493.7823
  14.6485
 -45.4193
 -67.6169
  58.7803
  -2.7368
 -25.4333
 -35.4073
 -23.2401
  63.1922
 159.7762
  22.6721
 -89.9536
 -48.9700
   0.1738
  15.7720
   9.2588
   8.7592
   9.5014
  10.0387
  14.9476
   0.9181
  83.8997
 140.1384
  69.2006
  42.5356
  26.0293
  15.8210
   4.4909
 115.3224
 375.2161
  28.3322
 -14.3848
 -24.3154
  26.1257
  -2.1230
 -19.4042
 -23.3774
   8.8921
 109.4526
 148.0568
 -31.8138
 -93.4163
  -9.5624
  28.6578
  13.1865
  -0.3158
 -10.7185
 -13.3647
 -10.4865
   0.3516
  18.7251
  20.7493
  -5.4769
 -32.4138
 -32.4371
 -23.0882
  -6.3370
 -24.4904
  71.4863
 168.4581
 -48.0213
 -16.5860
  -2.8087
  -0.6048
  -6.9214
  -9.7261
  -7.0863
  21.9251
  91.6331
 126.5897
  13.2641
 -20.8164
 -12.0172
   5.7969
   0.5566
  -7.8757
  -5.7115
   2.7701
  18.1799
  36.5507
  10.5428
 -28.3247
 -31.0694
 -10.2842
  15.1335
  18.8690
   5.2324
  15.5210
  97.7000
  75.8678
  15.1933
   4.4119
  29.6388
  13.0687
  10.5833
   8.7088
  14.5673
  29.4169
  63.8637
  83.8424
  19.6465
  -7.1902
  -9.5156
  -0.0115
  -1.8959
  -7.1014
  -1.0683
   3.4883
  22.6175
  20.9595
 -16.6912
 -34.1717
 -16.5605
  -0.5572
   9.0308
  10.9327
  -5.1708
 -24.9770
  39.0308
 -55.6906
   6.4135
   0.2518
 -10.0557
 -14.8417
 -20.2434
 -11.4566
   0.3007
   1.7785
  15.9067
  21.4670
 -11.9692
 -17.5110
 -10.4338
  -4.8605
  -3.4874
  -5.7092
  -6.1999
   2.4774
  19.4254
  22.1351
  -0.9757
  -9.6703
  -2.8620
   0.7797
   0.2611
  -1.1727
   7.5936
  11.0131
  14.6254
   8.7775
 -12.5785
 -11.5721
   3.8462
   4.1309
   7.8633
  14.7239
  14.8159
  15.7514
  27.2848
  23.9170
   8.7942
  -0.6294
   2.6581
   4.7242
   6.9160
   7.0077
   6.5265
   8.5977
  13.6632
  13.1301
  -2.4530
  -8.4642
  -2.1012
   3.5336
   0.8064
  -2.8746
   4.0506
   1.0642
  -1.0173
   3.2070
 -21.0962
 -25.6036
   2.4545
  12.9797
   9.0122
   9.1079
   2.9641
  -1.9431
  -2.0782
 -13.0596
  -5.4074
  -3.6338
  -7.8105
  -8.2333
  -7.8779
  -5.4263
  -3.0090
  -2.8620
  -1.7392
  -2.8303
 -12.3604
 -13.0736
  -6.5872
  -1.9552
   0.8614
  -1.5162
 -20.4134
   0.1298
  -0.4390
  10.5187
 -10.0421
  -9.5924
   5.3436
  17.1553
   6.4110
   6.8330
   8.2199
   8.1706
   6.4641
   4.7768
  -0.6696
  -1.5178
  -0.2250
   1.7487
   5.1031
   7.4790
   8.1504
   8.2665
   8.5082
   6.0933
  -1.3802
  -3.2684
   0.6013
   6.2430
  13.7202
  13.2589
  -2.2186
   5.5303
   0.9748
   8.0531
  -8.1918
  -5.6448
   4.1307
  12.0676
   4.6252
   4.1151
   5.2422
   3.3504
   1.3592
   1.0551
  -4.6659
  -5.2628
   0.3129
   4.1645
   5.6516
   4.7343
   2.2671
   0.2351
  -0.4649
  -3.0218
  -5.6529
  -5.4006
  -5.4866
  -4.0453
   0.3133
  -0.4731
  -9.7767
  -5.1671
  -7.3690
  -0.0232
 -14.9710
  -6.5216
   1.5260
   6.5479
   2.0587
   0.9117
  -2.1673
  -0.1326
   1.9783
   4.5401
   0.5692
  -0.5631
   2.9893
   5.6210
   3.9084
   3.9632
   3.6383
   3.1102
   5.2502
   4.9049
  -0.3143
  -2.0048
  -0.5580
   0.2345
   5.8944
   5.8331
  -1.6144
   4.3216
  -1.9253
   1.3476
 -12.0732
  -2.1754
   5.8908
  10.8959
  11.1332
  11.2265
   6.8672
   3.9645
   2.9392
   4.2512
   1.5518
   1.3870
   3.7080
   5.5813
   4.1340
   2.6237
   3.4698
   2.3151
   3.3956
   3.8729
  -0.3566
  -0.5888
   2.0845
   3.1399
   6.0121
   2.8238
  -6.1334
  -3.7324
  -0.5722
  -0.9384
 -11.6579
  -3.1191
   1.8944
   4.9964
   3.6857
   3.6441
   1.1669
  -1.4875
  -2.9593
  -1.7424
  -3.2074
  -1.6200
   0.5294
   1.8402
   4.8820
   1.9517
  -0.4293
   0.8181
   3.6288
   8.1675
   3.2895
  -0.8930
   0.4632
   2.7853
   7.3483
   3.4826
  -0.6995
  -7.0142
   4.1017
   2.7833
  -9.2610
  -4.9878
   3.6893
   8.2450
   5.5268
   5.3382
   3.4986
   1.9692
  -0.6565
  -1.9483
  -3.6985
  -1.1093
   2.6713
   7.0778
  11.3950
  12.3875
   6.4278
   1.5733
   3.4644
   7.3628
   4.5324
   2.0201
   0.5041
   1.2189
  10.1326
   7.9504
   9.1460
  -0.0750
   6.8616
   7.8125
  -5.6490
  -3.4059
   4.0517
   8.3792
   4.8359
   3.3299
   1.0393
   0.1265
  -0.2439
  -1.4956
  -3.8420
  -1.2841
   1.3581
   3.5953
   6.3044
   6.2713
   3.5101
  -0.6720
  -2.9602
   0.3517
   1.1764
   0.9682
  -0.5445
  -1.1744
  15.0771
   6.5918
   8.2120
   5.0195
   3.2432
  22.3679
   0.5778
  -0.8176
   4.8321
   7.8926
   4.6986
   3.2439
   1.3224
   0.4146
   2.3396
   1.4263
  -2.8962
  -3.2637
   0.0872
   3.1056
   5.6925
   5.1707
   1.9800
   1.0989
  -1.2298
  -2.9500
  -0.9652
   0.3312
   2.1418
   7.2422
  23.8934
  17.5909
  13.9619
   5.7615
   5.6913
  18.3613
   3.3345
   2.2733
   3.9705
   5.6322
   4.3959
   4.6344
   4.5050
   3.4249
   4.7385
   4.9158
   1.9258
   1.2980
   2.3397
   4.1744
   7.0125
   3.9644
   2.0935
   0.9995
  -0.1012
   0.3143
  -1.6919
   3.5714
   3.8673
   4.2710
  21.4708
  10.9568
   2.9985
   2.7035
   3.8279
   3.6193
   1.7427
  -0.1163
   1.4180
   0.8268
   5.4945
   4.3543
   3.3957
   2.6777
   4.1568
   7.5593
   4.5875
   3.7327
   5.6789
   7.3905
   9.1390
   5.7233
   3.5827
   3.8497
   4.8246
   4.5513
   1.1850
  -2.2362
   2.0221
   1.0963
  17.5956
   8.2148
   1.3288
   1.8519
   3.0620
  -0.9865
  -1.8503
  -3.7249
   2.6603
   5.8628
  10.0979
  10.2179
   6.9332
   3.1286
   2.4475
   4.2958
   3.9660
   5.2545
   8.4567
   9.4720
   7.3464
   5.1115
   5.4272
   6.0201
   6.8414
   5.6938
   5.8689
   4.3024
  -0.6535
  -0.3798
  17.6033
   3.1652
   2.6410
   2.7091
   2.0264
   1.3985
   0.3742
   5.6445
   5.2381
   6.5111
   8.4184
   7.1075
   3.6802
   2.2465
   1.7698
   1.3804
   2.5790
   4.4808
   5.9492
   4.9054
   8.6295
   6.9742
   3.9482
   3.0985
   5.1830
   5.5488
   7.1972
   8.2739
   7.7979
   6.3038
  17.2272
   4.1695
   3.2282
   5.4180
   7.7134
   3.0323
   0.4336
  -0.3107
   2.1258
   3.5262
   5.8798
   5.0923
   2.5528
   1.9315
   1.8834
   1.6805
   3.6297
   5.3554
   8.1180
  10.5821
  14.2625
  13.8061
   8.7605
   3.3266
   0.9258
   0.1384
   3.9102
   9.9070
  16.1007
  18.1304
  10.2167
   3.0651
   5.2639
   5.9482
   4.3057
   7.0532
  10.2665
   9.1174
   8.5196
   2.8452
   4.7951
   3.3060
   2.0057
   2.3601
   3.4761
   4.6578
   5.8207
   7.3107
   8.2305
  10.1100
  12.8227
  12.1478
   9.1457
   6.2301
   4.3514
   1.9914
   4.7745
  12.9184
  16.8506
  13.5864
  24.1821
  18.7785
   7.0386
   2.3229
   5.9276
   9.2823
  12.0432
  16.3877
   8.0634
   3.4465
   4.7038
   3.1685
   2.3615
   4.1235
   5.9832
   4.9231
   4.6156
   5.7353
   6.8468
   8.4416
  10.5368
   9.6750
   8.1842
   6.2676
   5.1994
   4.6556
  11.8456
  15.0891
  18.5439
  16.9645
  29.1388
  31.1116
  18.0963
   6.9037
   1.7487
   3.3322
  11.0594
  21.1306
  12.5676
   6.5905
   5.3905
   3.9439
   4.5972
   6.1415
   6.7414
   7.6929
  10.4475
  11.9323
  11.6341
  10.5318
   8.8019
   7.3358
   6.3207
   5.9769
   8.6598
  13.2357
  12.5224
  14.4346
  13.8962
  17.0147
  22.9087
  22.7554
  16.0553
   9.1833
   8.9775
   6.3531
   8.0108
  16.7005
  13.5832
   4.7357
  10.6157
  10.4153
   7.4827
   5.9251
   6.6704
   8.8205
  12.5724
  13.9386
  11.4908
   9.3127
   7.7888
   6.5373
   5.9082
   7.9093
  13.0033
  10.3398
   9.5330
  16.0605
  14.5768
  15.9539
  19.3359
  15.6752
  15.5098
   9.5176
  11.0344
  10.0659
  10.2664
  13.7505
  13.7656
   7.7802
  13.8062
  15.9640
  12.5603
   7.6390
   5.2016
   6.8955
  12.4579
  15.1079
  12.3286
   9.5888
   7.6484
   6.7831
   7.7683
  12.0091
  12.2103
   9.5438
  12.8048
  18.2524
  17.4511
  17.2923
  16.9582
  13.0956
  13.1264
   9.9366
  12.5713
  12.2119
  11.0011
  11.7839
  11.1173
   7.1035
  12.5850
  14.5411
  12.5547
   9.3799
   7.4974
   7.8145
  10.7852
  11.8150
   9.5534
   6.3683
   8.2670
   9.4008
  11.3250
  11.9823
  10.6439
  10.0957
  16.1664
  18.4805
  16.4826
  14.0921
  15.9490
  12.6593
  11.8183
   9.5456
  12.5533
  10.6621
   9.5296
  11.5136
  10.8636
   8.0203
  11.2987
  12.1797
  11.4034
   9.4753
   8.5470
   8.9173
  10.3224
  10.2276
   9.4211
   9.4239
  10.6188
  12.7892
  14.1700
  11.0025
   9.3575
   9.7422
  17.3950
  18.2792
  14.3611
  12.7957
  15.6625
  12.6911
  11.6072
   9.8764
  12.3152
  10.0211
  10.3615
  12.4701
  12.0991
   9.6126
  10.7552
  10.8493
  10.3642
   9.4301
   8.9555
   8.8059
   9.2501
   8.6601
   8.0798
   8.7730
  10.6228
  13.3682
  13.0913
  10.6705
  10.0184
  11.2838
  17.5538
  14.3317
  10.2891
   8.1491
  13.2592
  12.8715
  11.9884
   9.4929
  11.2176
  10.1678
  11.4193
  12.5892
  11.7003
   8.8314
   9.9859
  11.2757
  10.8658
  10.1289
   9.3611
   8.5076
   7.1192
   7.3081
   7.3710
   8.4300
  12.4339
  14.0045
  13.5199
  12.1804
  12.7784
  13.0921
  15.7437
  12.8192
  11.0083
  12.4179
  16.7866
  15.8259
  14.1456
  10.3393
   9.2999
   9.3880
  11.1276
  11.6422
  10.4121
   7.4441
   9.6065
  11.0369
  10.6910
   9.9467
   8.8752
   7.9612
   7.0632
   7.7674
   8.1470
   9.1658
  12.0792
  12.9784
  12.7926
  12.4935
  13.4517
  11.9858
  12.8283
  11.1599
  10.3089
  11.5546
  16.1234
  15.3368
  13.1032
   9.5713
   9.2174
   9.8050
  11.0530
  10.0277
   7.9064
   3.7080
   7.9045
  10.4724
  10.5212
   9.6225
   8.4319
   7.8611
   7.2365
   7.8323
   8.0748
   8.7678
  11.1990
  12.0764
  12.5097
  12.6773
  12.7674
   9.8431
  10.6266
  10.5687
  10.3099
  11.2521
  15.4798
  14.5049
  11.9418
   9.1467
   9.6062
  10.0054
  10.4530
   9.4350
   8.5811
   6.8800
   9.4710
  11.3212
  10.7604
   9.3337
   8.0613
   7.7757
   7.2178
   7.6794
   7.8426
   8.2729
  10.5707
  11.5727
  12.3821
  12.5353
  11.6631
   8.5231
   9.6964
  10.6289
  10.4314
  11.1227
  14.4645
  13.5723
  11.1000
   9.2334
   9.8351
   9.6253
   9.3361
   8.5628
   8.1058
   6.6308
   9.2990
  11.0814
  10.3033
   8.9418
   7.9715
   7.7972
   6.8968
   6.7523
   6.0680
   4.9602
   8.6107
  10.7196
  12.0956
  12.0295
  10.8427
   7.8454
   9.0561
  10.1292
   9.9905
  10.4740
  13.0872
  12.4469
  10.4651
   9.2570
   9.6371
   8.9130
   8.4092
   8.0724
   8.0398
   6.6734
   9.1646
  10.7151
   9.7889
   8.6691
   8.0220
   7.8382
   6.8071
   6.8020
   6.9025
   7.5368
  10.1454
  11.4825
  12.1948
  11.5271
  10.3723
   7.4772
   8.3567
   9.3409
   9.4996
   9.8110
  11.9745
  11.4700
  10.0877
   9.1604
   9.3539
   8.4540
   7.9934
   7.9042
   8.1711
   6.7246
   7.3219
   8.3246
   7.4611
   6.6322
   6.1268
   5.8468
   5.4743
   5.3975
   5.5851
   6.3840
   9.8817
  11.0887
  11.3242
  10.6253
   9.7946
  10.5303
  10.8715
  11.4320
  11.1447
   9.6670
  10.4706
  11.4906
  11.0485
  10.3402
   8.6672
   7.6753
   7.1646
   7.1563
   7.6244
   5.9759
   6.7110
   7.6992
   7.0717
   6.5000
   6.0889
   5.7481
   5.2865
   5.2281
   5.5563
   6.5221
   9.9680
  10.7621
  10.6097
  10.1137
   9.6387
  10.3812
  10.5608
  11.3001
  11.8129
  11.8737
  11.9099
  11.8914
  11.2207
  10.2158
   8.4052
   7.3056
   6.7189
   6.7909
   7.3739
   5.7017
   6.1732
   7.2431
   6.8766
   6.4927
   6.1472
   5.7955
   5.3176
   5.2915
   5.7376
   6.7386
   9.8845
  10.2196
  10.0062
   9.7518
   9.5090
  10.3145
  10.3625
  10.8315
  11.3013
  11.4314
  11.5417
  11.5706
  10.9609
   9.8205
   7.9809
   6.8347
   6.1548
   5.9827
   6.0127
   3.1219
   4.1636
   6.2089
   6.4494
   6.3297
   6.0290
   5.6596
   5.1845
   5.2188
   5.7147
   6.5268
   9.2761
   9.4548
   9.4354
   9.4272
   9.4112
  10.3620
  10.2851
  10.3882
  10.7213
  11.0119
  11.2058
  11.1518
  10.5138
   9.3170
   7.5173
   6.4756
   5.9575
   6.0758
   6.7460
   5.1488
   5.3926
   6.6998
   6.6592
   6.3808
   5.9619
   5.5447
   5.0962
   5.1732
   5.5569
   6.0932
   8.6874
   9.0185
   9.2496
   9.4514
   9.5855
  10.5646
  10.2955
  10.0625
  10.2307
  10.6553
  10.8741
  10.6733
   9.9734
   8.7842
   7.0236
   6.0757
   5.6566
   5.8586
   6.5823
   4.9999
   6.7716
   7.6677
   7.6627
   7.3647
   6.9090
   6.4563
   5.0810
   4.8452
   4.5635
   3.9404
   6.6199
   7.8672
   8.5976
   9.0203
   9.1675
   9.1145
   8.6735
   8.2772
   8.3347
   8.7870
   8.8449
   8.5644
   7.8838
   6.8625
   5.7923
   5.0070
   4.7024
   4.9541
   5.6688
   3.6665
   6.3657
   7.2162
   7.2184
   6.9372
   6.4958
   6.0651
   4.7354
   4.6538
   4.8648
   5.3757
   7.6041
   8.1996
   8.6427
   8.8785
   8.8233
   8.6061
   8.1230
   7.7618
   7.7883
   8.1777
   8.2558
   8.0199
   7.4587
   6.6691
   5.8150
   5.1540
   4.8936
   5.0848
   5.6563
   3.5252
   6.0857
   6.8148
   6.7162
   6.3481
   5.8142
   5.3177
   3.9924
   4.0101
   4.3677
   4.9776
   7.2077
   7.7643
   8.1271
   8.2286
   8.0397
   7.7500
   7.2493
   6.8007
   6.4100
   5.7701
   6.0536
   6.5572
   6.3913
   5.9036
   5.2544
   4.6617
   4.3824
   4.4403
   4.7992
   2.4990
   4.9386
   5.5974
   5.4826
   5.1544
   4.6695
   4.2251
   3.0024
   3.1638
   3.6330
   4.2624
   6.4172
   6.8656
   7.1292
   7.1871
   7.0514
   6.9288
   6.6731
   6.4991
   6.4511
   6.5297
   6.4918
   6.4562
   6.2292
   5.8481
   5.3140
   4.7551
   4.4494
   4.4101
   4.6587
   2.2629
   4.6677
   5.3151
   5.2101
   4.9446
   4.5472
   4.1779
   3.0079
   3.1725
   3.5709
   4.0654
   6.0257
   6.2292
   6.2393
   6.0890
   5.8357
   5.7176
   5.5625
   5.4973
   5.5371
   5.6871
   5.7428
   5.8774
   5.8306
   5.5950
   5.1816
   4.6706
   4.2868
   4.0446
   3.9458
   0.8841
[ CPUDoubleType{2100,1} ]
