-3.1052e+00
-4.1837e+00
-4.2525e+00
-4.3121e+00
-4.2298e+00
-4.0618e+00
-3.1658e+00
-3.2352e+00
-3.0586e+00
-2.6821e+00
-2.5068e+00
 1.6212e+00
 1.1462e+00
 7.2236e-01
 1.1403e+00
 2.1659e+00
 1.1139e+00
-8.1744e-04
-5.9620e-02
 2.9562e-01
 1.1718e+00
 1.8793e+00
 2.3891e+00
 3.8605e+00
 1.0159e+01
 1.5659e+01
 8.3297e+00
 6.0745e+00
 7.5097e+00
 5.8874e+00
-2.3689e+00
-4.2081e+00
-4.3561e+00
-4.4296e+00
-4.3603e+00
-4.2130e+00
-3.3307e+00
-3.3778e+00
-3.1297e+00
-2.7244e+00
-2.5813e+00
 1.4907e+00
 9.0115e-01
 3.5415e-01
 8.8136e-01
 2.3297e+00
 1.6144e+00
 4.1391e-01
 3.9093e-01
 8.2936e-01
 1.7340e+00
 2.0843e+00
 1.9498e+00
 2.1037e+00
 5.3879e+00
 1.3454e+01
 7.5393e+00
 5.9453e+00
 6.9651e+00
 4.7896e+00
-2.6330e+00
-4.3094e+00
-4.4426e+00
-4.5000e+00
-4.4356e+00
-4.3467e+00
-3.5338e+00
-3.5810e+00
-3.3070e+00
-3.0629e+00
-2.9009e+00
 1.2321e+00
 6.2840e-01
 8.6384e-02
 8.2413e-01
 2.7163e+00
 2.1141e+00
 7.5708e-01
 1.1822e+00
 1.8020e+00
 2.5491e+00
 2.2890e+00
 1.3344e+00
 9.9014e-01
 3.8640e+00
 1.3386e+01
 8.3394e+00
 5.2732e+00
 6.4581e+00
 3.8939e+00
-1.2706e+00
-3.3582e+00
-3.2935e+00
-2.7999e+00
-1.3068e+00
-3.8722e-01
-7.7509e-01
-1.4811e+00
-1.0625e+00
-1.1509e+00
-1.8665e+00
 1.4465e+00
 8.3762e-01
 3.1185e-01
 1.0393e+00
 2.8149e+00
 1.7267e+00
 1.6425e-01
 1.3041e+00
 2.5259e+00
 3.0587e+00
 2.7237e+00
 1.5895e+00
 1.0792e+00
 4.3673e+00
 1.4664e+01
 1.0846e+01
 5.9438e+00
 6.2987e+00
 3.3616e+00
-1.2406e+00
-3.3472e+00
-3.4408e+00
-3.2977e+00
-2.2473e+00
-8.9734e-01
-9.9935e-01
-1.6139e+00
-1.3387e+00
-1.6214e+00
-2.2639e+00
 1.1524e+00
 6.6917e-01
 3.9975e-01
 1.3592e+00
 2.6241e+00
 4.5816e-01
-1.3251e+00
 4.5900e-01
 1.7801e+00
 2.5672e+00
 2.6710e+00
 1.7659e+00
 1.3998e+00
 5.5294e+00
 1.7866e+01
 1.4158e+01
 6.8357e+00
 8.3208e+00
 4.2790e+00
-9.7140e-01
-3.3204e+00
-3.6092e+00
-3.5818e+00
-2.4979e+00
-7.8561e-01
-7.1440e-01
-1.6523e+00
-1.6472e+00
-2.0895e+00
-2.5815e+00
 1.0360e+00
 8.2294e-01
 1.0693e+00
 2.9359e+00
 4.5354e+00
 9.8025e-01
-1.0147e+00
 8.3457e-01
 1.5341e+00
 2.2164e+00
 2.6206e+00
 2.3180e+00
 2.1328e+00
 6.7060e+00
 1.8396e+01
 1.2512e+01
 3.0198e+00
 6.8770e+00
 4.2947e+00
-9.0844e-01
-3.3175e+00
-3.6086e+00
-3.4990e+00
-2.1292e+00
 1.2406e-01
 4.2239e-01
-1.0774e+00
-1.6597e+00
-2.3684e+00
-2.7115e+00
 1.1095e+00
 1.1164e+00
 1.6618e+00
 4.3492e+00
 6.9170e+00
 2.5214e+00
-1.6843e-01
 8.4514e-01
 7.9890e-01
 1.6369e+00
 2.7522e+00
 3.2633e+00
 4.1585e+00
 1.0809e+01
 2.1624e+01
 1.1295e+01
 7.2262e-02
 5.8371e+00
 3.6050e+00
-1.4968e+00
-3.2817e+00
-3.3416e+00
-3.0525e+00
-1.3377e+00
 1.3826e+00
 1.5327e+00
-7.3539e-01
-1.4024e+00
-2.1011e+00
-2.5533e+00
 1.2130e+00
 1.1180e+00
 1.7339e+00
 5.2191e+00
 8.7737e+00
 4.4377e+00
 7.7328e-01
-7.5466e-01
-9.3972e-01
 1.1177e+00
 3.2916e+00
 5.0017e+00
 7.5365e+00
 1.8255e+01
 3.3420e+01
 1.7626e+01
 5.7371e+00
 9.8443e+00
 2.8129e+00
-1.1869e+00
-2.9681e+00
-2.9224e+00
-2.5490e+00
-7.8923e-01
 1.5992e+00
 1.0016e+00
-1.9084e+00
-1.9689e+00
-1.9708e+00
-2.6514e+00
 7.2753e-01
 9.1716e-01
 2.5047e+00
 7.2805e+00
 1.1863e+01
 6.9098e+00
 1.3264e+00
-2.6651e+00
-2.7353e+00
 9.4157e-01
 4.3046e+00
 7.1086e+00
 1.0633e+01
 2.4990e+01
 4.7091e+01
 2.8037e+01
 1.3286e+01
 1.1825e+01
 1.3463e+00
-7.1313e-01
-2.0199e+00
-1.7597e+00
-1.0484e+00
 1.0143e+00
 2.6709e+00
 9.7752e-01
-1.9562e+00
-1.5769e+00
-1.8723e+00
-2.4373e+00
 1.0346e+00
 2.6255e+00
 5.1667e+00
 1.1071e+01
 1.5825e+01
 8.9948e+00
 2.9332e-01
-4.6665e+00
-3.4749e+00
 1.9150e+00
 5.5862e+00
 7.7058e+00
 1.0797e+01
 2.8311e+01
 5.5170e+01
 3.5323e+01
 1.8376e+01
 4.1576e+00
-3.8603e+00
-1.6035e+00
-1.9856e+00
-1.4261e+00
-2.6272e-01
 2.5870e+00
 4.5351e+00
 2.0017e+00
-1.3875e+00
-1.6205e+00
-1.3568e+00
 8.4340e-02
 3.9108e+00
 5.2420e+00
 8.0382e+00
 1.4500e+01
 1.7508e+01
 8.2761e+00
-2.4778e+00
-5.2877e+00
-1.5807e+00
 2.0009e+00
 3.1443e+00
 5.5891e+00
 1.1887e+01
 3.3341e+01
 6.2771e+01
 3.6634e+01
 1.4477e+01
-5.8536e+00
-8.8931e+00
-2.4636e+00
-2.0138e+00
-1.2026e+00
 2.1265e-01
 3.7123e+00
 6.4901e+00
 3.4441e+00
 1.6880e-01
 1.0561e+00
 2.6720e-01
 4.9771e-01
 3.8760e+00
 5.2404e+00
 8.9308e+00
 1.6342e+01
 1.5025e+01
 3.6348e+00
-4.1635e+00
-4.3130e+00
-2.7917e+00
-1.2635e+00
 4.7975e+00
 1.2111e+01
 2.0392e+01
 4.5535e+01
 7.5381e+01
 4.0362e+01
 6.4481e+00
-1.1187e+01
-1.0481e+01
-2.6271e+00
-2.1075e+00
-1.6019e+00
-3.9137e-01
 3.3354e+00
 6.3714e+00
 2.9430e+00
-7.6368e-01
-7.3690e-01
-1.4717e+00
 6.4797e-02
 3.9458e+00
 5.0125e+00
 9.1107e+00
 1.6940e+01
 1.1183e+01
 2.1129e+00
-5.4048e+00
-7.1372e+00
-1.3736e+00
 9.4631e+00
 1.5502e+01
 2.0774e+01
 2.9266e+01
 5.8785e+01
 8.0369e+01
 3.7062e+01
-5.1056e+00
-1.2276e+01
-4.0444e+00
-2.0125e+00
-2.8884e+00
-2.3743e+00
-8.1244e-01
 3.1232e+00
 5.9634e+00
 1.9147e+00
-1.7778e+00
-3.3719e+00
-4.2631e+00
-1.5321e+00
 2.7884e+00
 4.0126e+00
 8.1342e+00
 1.4920e+01
 6.5219e+00
-2.4796e+00
-1.2573e+01
-1.3686e+00
 5.9794e+00
 1.0399e+01
 1.4600e+01
 1.9634e+01
 3.1388e+01
 7.1762e+01
 7.5626e+01
 2.6028e+01
-1.4101e+01
-9.8272e+00
 7.4269e+00
-1.0440e+00
-1.0637e+00
 4.1765e-01
 2.1518e+00
 6.0667e+00
 9.3407e+00
 4.1253e+00
-1.4235e+00
-2.1063e+00
-2.8736e+00
 1.6339e-01
 1.5743e+00
 2.0903e+00
 5.0841e+00
 9.0539e+00
-6.5640e-01
-1.3319e+01
-1.6372e+01
-9.4682e-01
 1.7623e+00
 9.8987e+00
 1.5089e+01
 1.8531e+01
 3.2096e+01
 8.4249e+01
 6.2802e+01
 3.2918e+01
-1.1890e+01
-3.7111e+00
-2.8275e+00
 1.3971e+00
 1.6957e+00
 2.5997e+00
 4.2153e+00
 8.8174e+00
 1.0606e+01
 8.0825e-01
-3.3569e+00
 1.5319e+00
 1.5012e+00
-5.8936e-01
 1.7665e+00
 2.3831e+00
 3.6178e+00
 1.6731e+00
-1.1069e+01
-1.9392e+01
-1.2682e+01
-8.0744e+00
-6.8044e+00
 4.0040e+00
 1.0412e+01
 1.5561e+01
 3.0743e+01
 8.4153e+01
 5.4307e+01
 2.7187e+01
-1.3796e+01
-8.2260e+00
-4.0740e+00
 1.8620e+00
 1.2094e+00
 1.9364e+00
 4.8325e+00
 1.0963e+01
 8.6702e+00
-3.7303e+00
-6.6889e+00
-6.8403e-01
 6.5910e+00
 5.9012e-01
 3.1610e+00
 3.1531e+00
 7.8204e-01
-9.7647e+00
-1.2993e+01
-1.1252e+01
-2.2399e+01
-2.0046e+01
-6.9473e+00
 3.7731e+00
 7.6915e+00
 1.1970e+01
 2.6186e+01
 6.8789e+01
 5.3227e+01
 4.5114e-01
-2.5468e+01
-1.4481e+01
-6.1853e+00
 6.8074e-01
 9.9191e-01
 1.5486e+00
 4.8177e+00
 1.2111e+01
 5.8527e+00
 9.0023e-01
-1.9440e+00
 8.5556e-02
 2.4648e+00
 5.8634e+00
 6.0669e+00
 5.3426e+00
 1.5871e+00
-7.5614e+00
 6.4694e+00
-7.7594e+00
-1.0918e+01
-1.3267e+00
 3.7704e+00
 8.1639e+00
 1.0529e+01
 1.4950e+01
 2.6415e+01
 4.9430e+01
 3.4423e+01
 2.0428e+01
-4.8883e+00
-7.9941e+00
-7.7954e+00
-3.7295e-01
 7.8856e-02
 1.6697e+00
 5.0952e+00
 1.1008e+01
 2.6569e+00
-5.4519e+00
-7.9549e+00
-4.4004e+00
 3.8331e+00
 7.7270e+00
 4.3559e+00
 3.2553e+00
 1.8433e+00
 2.0618e-01
 2.2187e+01
 6.3158e+00
 2.0758e+01
 2.7694e+01
 2.0559e+01
 1.2811e+01
 1.5439e+01
 1.8594e+01
 2.2577e+01
-2.8302e+00
 3.5731e+01
 1.1993e+02
 3.8742e+01
-6.5310e+00
-1.3380e+01
-2.8148e+00
-2.3077e+00
 9.5647e-01
 5.1744e+00
 6.8925e+00
-1.8852e+00
-1.2397e+01
-1.3724e+01
-3.2683e+00
 7.1828e+00
 2.0389e+00
 1.7511e-01
-1.0162e+00
-7.3072e+00
-2.7542e+00
 2.1289e+01
 4.3840e+01
 5.4667e+01
 4.5002e+01
 2.8208e+01
 2.0025e+01
 2.4052e+01
 2.7543e+01
 2.8586e+01
-2.6006e+00
 1.4879e+02
 2.0643e+02
 8.0483e+01
 3.9137e+01
 1.0577e+01
 3.9945e+00
-1.4558e+00
-3.0604e+00
-1.4800e+00
 6.9918e-01
 4.0485e+00
 5.6082e+00
 4.4636e+00
 5.7410e+00
 1.7065e+01
 2.2960e+00
-2.0193e+00
-1.7730e+00
-9.6414e+00
-2.1932e+00
 2.9687e+01
-2.4060e+00
-5.2076e-01
 1.7854e+01
 2.3639e+01
 1.8379e+01
 1.7644e+01
 2.3739e+01
 3.3727e+01
 2.7844e+01
 2.8344e+02
 3.1273e+02
 1.9832e+02
 1.0870e+02
 3.9635e+01
-4.9901e+00
-4.4306e+00
-1.6852e+00
-4.9145e+00
-1.7654e+01
-5.5454e+00
 5.2131e+00
 1.6145e+01
-4.4398e+01
-5.1949e+00
 6.9503e+00
 4.0852e-03
 2.1048e+00
-6.1126e-02
 4.3648e+00
 3.6051e+01
-3.5993e+01
-3.9910e+01
 4.8634e+00
 1.9202e+01
 6.8003e+00
 3.4442e+00
 3.6125e+00
-1.9745e+01
 1.0454e+01
 3.6198e+02
 4.3749e+02
 2.4496e+02
 2.1164e+02
 9.3402e+01
 1.8252e+01
 2.2523e+00
 1.6855e-01
-1.7877e+00
-6.4797e+00
 2.8305e+00
-1.0172e+01
-4.4170e+01
 4.7911e+01
 3.8711e+01
 1.5439e+01
 4.8301e+00
 1.9510e-01
 8.2471e-01
 3.9671e+00
 7.1408e+01
-9.9331e+00
-2.4180e+01
-8.8053e+00
 7.4592e+00
-1.3658e+01
-1.1575e+01
-1.0035e+01
-5.6290e+01
 3.4967e+01
 5.0453e+02
 2.9681e+02
 4.5505e+01
 1.0953e+02
 8.4459e+01
 1.7464e+01
 3.4622e+00
 2.0732e+00
-3.2959e-01
-1.3825e+00
 2.7827e+01
-7.6816e+00
-5.3140e+01
 1.2226e+02
 7.7659e+01
-2.4740e+01
-5.3149e+00
 3.1150e+00
-6.4185e+00
-4.4111e+01
 5.6333e+01
-1.9181e+01
-5.1476e+01
-4.5804e+01
-1.6860e+01
-1.0800e+01
-4.8346e+00
-2.1551e+00
-4.3156e+01
 1.1573e+02
 7.2985e+02
-4.9034e+01
-1.2584e+02
 4.6233e+01
 1.1384e+02
 1.6310e+01
-3.9913e+00
-7.5947e+00
-1.4582e+01
-9.5917e+00
 2.3109e+01
 1.2972e+01
 1.8819e+02
 4.7693e+02
 1.3745e+02
 2.4935e+01
 2.6964e+00
-1.3718e+00
 2.1601e+00
 2.5395e+01
 2.2581e+01
-2.8120e+01
-2.7943e+01
 5.9929e+00
 2.5394e+01
 1.6323e+01
 1.0403e+01
-3.9711e+00
-2.4529e+01
 1.1622e+02
 6.7962e+02
-1.2550e+02
-9.5418e+01
 2.2454e+01
 1.3694e+02
 1.9266e+01
-7.7549e+00
-1.6060e+01
-3.3429e+01
-1.9258e+01
 4.9053e+01
 9.2218e+01
 1.7901e+02
 4.8091e+01
-3.2156e+01
-1.4105e+00
-1.7479e+00
-3.2143e-01
-4.2023e+00
-1.0431e+01
 4.2107e+01
 1.0554e+01
 1.1325e+01
 3.8319e+01
 4.5622e+01
 1.6572e+01
 1.6612e+01
 2.0625e+00
-3.6913e+01
 7.0871e+01
 5.0786e+02
-5.2444e+01
-5.4186e+01
-2.0350e+01
 1.1118e+02
 1.3886e+01
-9.9161e+00
-1.9594e+01
-2.8426e+01
 3.0133e+01
 1.5972e+02
 4.1506e+01
-4.7708e+01
-1.5480e+01
 2.8974e+00
 4.2016e+00
 7.6787e+00
 7.3213e+00
 7.7166e+00
 9.5853e+00
 6.6732e+00
-2.6948e+01
 3.2237e+01
 8.7759e+01
 3.2766e+01
 2.3856e+01
 1.7891e+01
 1.0177e+01
-2.5335e+01
 6.1691e+01
 4.2345e+02
-5.4817e+00
-2.3956e+01
-8.3248e+00
 5.7868e+01
 5.3710e+00
-1.0803e+01
-1.8058e+01
-8.0369e+00
 6.1519e+01
 1.2248e+02
-4.2256e+01
-5.6177e+01
-1.6972e+00
 2.1785e+01
 9.2805e+00
 5.2857e+00
 4.5970e+00
 4.1809e-01
 2.8721e+00
-3.4001e+00
 6.7121e+00
 1.4580e+01
-2.4229e+00
-1.6926e+01
-9.2780e+00
-3.2921e+00
 1.4668e+00
-3.5895e+01
 5.0874e+01
 2.1330e+02
-7.5334e+01
-1.8509e+00
 9.8354e+00
 1.4404e+01
-3.2735e+00
-5.9289e+00
-4.9766e+00
 3.9097e+00
 3.8519e+01
 7.5555e+01
-1.9997e+01
-2.2230e+01
-4.2074e+00
 1.7215e+01
 6.1721e+00
-1.0625e+00
-1.3987e+00
 1.4203e-01
 6.9809e+00
 2.0766e+01
 1.4726e+01
-6.0591e+00
-7.9551e+00
 7.0629e-02
 1.1496e+01
 2.0113e+01
 1.1860e+01
 2.7188e+00
 1.1019e+02
 1.0054e+02
-1.5950e+00
-2.3014e+01
 1.1822e+01
 4.9099e+00
 5.7516e-01
-1.1193e-01
 4.0804e+00
 3.7473e+00
 1.9836e+01
 6.0867e+01
-3.6168e+00
-1.3347e+01
-4.4632e+00
 7.6186e+00
 1.0660e+00
-3.3583e+00
-1.7285e+00
 8.0391e-02
 6.9449e+00
 7.7958e+00
-9.1736e+00
-1.1398e+01
-3.8397e+00
 8.6346e-01
 5.2035e+00
 1.4907e+01
 7.9104e+00
-4.1200e+01
 5.1837e+01
-5.9196e+01
 1.0241e+01
-2.7574e+00
-5.8883e+00
 1.0772e+01
-3.2822e+00
-7.1693e-01
 6.0303e+00
-1.3671e+00
 7.6656e+00
 2.4545e+01
-1.5565e+01
-9.1903e+00
-2.6372e+00
 3.8405e-01
-7.2364e-01
-1.5155e+00
-1.8445e+00
 1.5552e+00
 1.7306e+00
 2.1735e+00
-7.7696e+00
-6.1680e+00
-6.8429e-01
 4.0420e+00
 6.4094e+00
-1.9263e+00
 5.6220e-01
 1.8380e+00
 1.3373e+01
 5.5351e+00
-1.5345e+01
-1.1217e+01
 9.8325e+00
 1.0489e+01
 4.3603e+00
 1.0248e+01
 1.1420e+01
 8.3223e+00
 2.0947e+01
 1.8731e+01
-7.6201e-01
-8.8864e+00
-2.0650e+00
 6.1773e-01
 8.8336e-01
 1.1560e+00
 9.4732e-01
 1.8746e+00
-5.1366e-02
 1.1040e+00
-5.5725e+00
-5.5103e+00
-8.9528e-02
 4.0282e+00
-1.7586e+00
-6.9679e+00
 8.9537e-01
-5.8113e-02
-1.0251e+00
 3.4508e+00
-1.9036e+01
-1.7898e+01
 7.5270e+00
 1.5528e+01
 5.7230e+00
 8.8293e+00
 7.7677e+00
 7.6198e-01
 6.6572e+00
-9.0671e+00
-1.6585e+00
-1.9531e+00
-1.4257e+00
 2.2464e+00
 1.1502e+00
 9.2248e-01
 1.4639e+00
 1.6317e+00
 1.8047e-01
 5.4018e-01
-4.8327e+00
-4.0712e+00
-8.4256e-01
 1.3930e+00
 2.4559e+00
 1.7851e+00
-8.4563e+00
 7.4743e+00
-3.3971e+00
 1.0008e+01
-1.1020e+01
-9.4546e+00
 5.6691e+00
 1.9963e+01
 6.0188e+00
 5.6367e+00
 7.0473e+00
 7.2924e+00
 6.0799e+00
 2.8202e+00
-2.8031e+00
-2.2517e+00
 1.8594e+00
 2.5312e+00
 3.3142e+00
 4.0784e+00
 3.9225e+00
 4.5965e+00
 2.5731e+00
 2.3422e+00
-2.3678e+00
-2.0195e+00
 1.4416e+00
 4.3552e+00
 5.7253e+00
 3.2939e+00
-6.4558e+00
 4.8175e+00
-2.1493e+00
 8.5959e+00
-9.0780e+00
-7.1233e+00
 4.6648e+00
 1.2905e+01
 2.7187e+00
 2.5145e+00
 5.4513e+00
 5.2129e+00
 3.4976e+00
 2.2965e+00
-3.4480e+00
-3.2089e+00
 1.7142e+00
 3.2780e+00
 3.0544e+00
 3.3280e+00
 2.4955e+00
 2.8650e+00
 2.3760e+00
 1.4640e+00
-1.7222e+00
-7.7035e-01
 1.0959e+00
 2.6171e+00
 1.8418e+00
-1.5142e+00
-1.0142e+01
 1.2978e+00
-3.6316e+00
 6.6327e+00
-1.1881e+01
-5.5728e+00
 3.9433e+00
 1.1253e+01
 1.6390e+00
 3.1223e+00
 3.0011e+00
 4.3554e+00
 2.5127e+00
 3.5194e+00
-1.1464e+00
-1.5584e+00
 1.6531e+00
 3.7951e+00
 1.7043e+00
 1.6694e+00
 1.4904e+00
 1.8407e+00
 4.8512e+00
 4.4940e+00
 2.8514e-04
-1.1115e-01
 1.7691e+00
 2.0879e+00
 6.3831e+00
 4.8036e+00
-5.1084e+00
 7.2482e+00
-6.3940e+00
 4.2491e+00
-1.3343e+01
-4.9559e+00
 5.5815e+00
 1.0140e+01
 4.2109e+00
 4.1629e+00
 3.3130e+00
 3.1446e+00
 1.7469e+00
 2.7096e+00
-9.1607e-01
-7.1690e-01
 1.6440e+00
 3.2899e+00
 2.4246e+00
 1.4977e+00
 2.6174e+00
 2.4470e+00
 5.3519e+00
 5.2111e+00
 5.8465e-01
 9.6903e-01
 3.2289e+00
 3.3048e+00
 6.2138e+00
 4.2383e+00
-5.0241e+00
 1.0241e-01
-2.0433e+00
 3.2671e+00
-1.3149e+01
-4.7956e+00
 3.2721e+00
 9.0070e+00
 2.6839e+00
 2.0304e+00
 1.4866e+00
 1.6107e+00
 3.3795e-02
 8.3450e-01
-2.4117e+00
-1.4963e+00
 3.9427e-01
 1.8827e+00
 3.2589e+00
 2.4141e+00
 1.0373e+00
 1.9376e+00
 3.5996e+00
 8.9398e+00
 2.4885e+00
 2.0161e-01
 1.7935e+00
 2.2796e+00
 6.1078e+00
 1.7349e+00
-3.5060e+00
-7.8250e+00
 5.8058e+00
 3.9596e+00
-1.1666e+01
-6.1052e+00
 4.6420e+00
 1.0441e+01
 3.7063e+00
 3.0570e+00
 2.0407e+00
 2.4719e+00
-2.7672e-01
-9.3185e-02
-2.8054e+00
-1.3282e+00
 8.3686e-01
 3.0691e+00
 5.5413e+00
 6.5004e+00
 3.5718e+00
 3.9530e-01
 2.6409e+00
 7.9815e+00
 2.9963e+00
 1.5409e+00
 1.1089e+00
 1.5228e+00
 1.1267e+01
 9.0548e+00
 8.3912e+00
 5.6377e-02
 1.2635e+01
 8.4085e+00
-8.7493e+00
-3.8231e+00
 4.9889e+00
 9.5665e+00
 3.1311e+00
 2.3727e+00
 1.5994e+00
 1.7643e+00
 7.0598e-01
 1.0787e-01
-3.3264e+00
-1.3828e+00
 5.8018e-01
 2.3157e+00
 4.2237e+00
 3.8930e+00
 2.5099e+00
 9.1294e-01
-5.4355e-01
 2.9306e+00
 2.8492e+00
 1.8647e+00
 1.0102e+00
 2.2162e-01
 1.5974e+01
 7.6645e+00
 7.1306e+00
 2.3753e+00
 3.4539e+00
 2.7981e+01
-5.0392e+00
-1.7258e+00
 6.6107e+00
 9.2599e+00
 2.7654e+00
 1.4247e+00
 5.9387e-01
 3.5989e-01
 2.8063e+00
 2.1201e+00
-2.1821e+00
-2.3924e+00
-1.7276e-01
 1.7595e+00
 4.2586e+00
 3.3068e+00
 9.1836e-01
 6.7034e-01
-1.5549e-02
-2.5929e-01
 2.3322e+00
 2.7270e+00
 2.8869e+00
 6.2336e+00
 2.4943e+01
 1.7097e+01
 1.2693e+01
 4.0238e+00
 1.5155e+00
 2.7697e+01
-2.7832e+00
 6.5697e-01
 4.2397e+00
 6.6672e+00
 3.0533e+00
 3.0420e+00
 3.2287e+00
 2.4976e+00
 4.5276e+00
 3.8977e+00
 7.1855e-01
 1.0998e+00
 1.9782e+00
 2.9318e+00
 5.7010e+00
 2.0868e+00
 2.1293e+00
 2.1971e+00
 5.0449e-01
 9.8485e-01
-2.5854e-01
 4.1178e+00
 3.2979e+00
 4.1163e+00
 2.3993e+01
 1.0370e+01
 2.2667e+00
 2.9272e+00
 3.9385e+00
 6.2966e+00
 1.8503e+00
-1.3865e+00
 3.3187e+00
 3.6983e+00
 2.9204e+00
 2.3461e+00
 2.1210e+00
 1.5464e+00
 2.8989e+00
 6.6002e+00
 1.9311e+00
 2.3874e+00
 5.0416e+00
 6.6284e+00
 8.1934e+00
 4.1438e+00
 3.1359e+00
 3.6864e+00
 4.9809e+00
 5.5798e+00
 2.9653e+00
-2.0532e-01
 1.1399e+00
-2.3416e-01
 2.2678e+01
 7.6437e+00
 2.9525e-01
 6.9234e-01
 2.7118e+00
-9.7733e-01
-1.3863e+00
-2.5069e+00
 3.2152e+00
 4.5219e+00
 5.3540e+00
 4.8285e+00
 3.5755e+00
 1.8479e+00
 2.0298e+00
 5.5275e+00
 2.3602e+00
 3.1328e+00
 5.9121e+00
 8.0373e+00
 5.9493e+00
 4.8262e+00
 6.0284e+00
 6.8311e+00
 7.0078e+00
 5.1184e+00
 5.5925e+00
 4.3867e+00
 3.4968e-01
-6.9233e-02
 2.3067e+01
 3.7563e-01
 1.5173e+00
 3.5916e+00
 1.1271e+00
 1.4594e+00
 5.8552e-01
 4.1522e+00
 4.8607e+00
 5.3145e+00
 5.0117e+00
 3.2246e+00
 1.4903e+00
 2.0040e+00
 2.7321e+00
 2.8998e+00
 2.9987e+00
 3.8368e+00
 5.6743e+00
 4.6827e+00
 7.4411e+00
 6.9108e+00
 4.7634e+00
 4.3151e+00
 6.0939e+00
 5.8745e+00
 7.6988e+00
 9.7621e+00
 9.3079e+00
 8.9837e+00
 2.1844e+01
 1.4545e+00
 2.9796e+00
 5.0261e+00
 7.4576e+00
 3.4913e+00
 2.3674e+00
 2.4573e-01
 3.8161e+00
 3.5927e+00
 4.5687e+00
 3.1986e+00
 1.7276e+00
 1.7932e+00
 2.0220e+00
 1.7821e+00
 3.6701e+00
 4.2993e+00
 6.3220e+00
 6.9028e+00
 9.3057e+00
 9.3548e+00
 7.0438e+00
 5.0037e+00
 4.0393e+00
 2.7087e+00
 5.7793e+00
 1.0660e+01
 1.3659e+01
 2.2196e+01
 1.0209e+01
 2.4453e+00
 3.7098e+00
 4.2883e+00
 3.2827e+00
 5.8313e+00
 1.0530e+01
 8.6231e+00
 8.0079e+00
 3.1625e+00
 4.5382e+00
 1.7048e+00
 1.0131e+00
 1.7167e+00
 2.5449e+00
 3.8825e+00
 4.4394e+00
 5.5455e+00
 6.0416e+00
 7.4188e+00
 8.6503e+00
 7.7097e+00
 6.6382e+00
 7.0749e+00
 7.6567e+00
 5.6805e+00
 6.6973e+00
 1.4072e+01
 1.8607e+01
 1.1848e+01
 2.8293e+01
 2.3138e+01
 9.9178e+00
 3.2434e+00
 5.4889e+00
 7.5740e+00
 1.1838e+01
 1.7419e+01
 7.0821e+00
 3.8454e+00
 4.0833e+00
 1.3749e+00
 1.0067e+00
 2.5628e+00
 4.6809e+00
 4.1024e+00
 4.3178e+00
 5.3921e+00
 6.2568e+00
 6.8012e+00
 8.2158e+00
 8.9482e+00
 9.8042e+00
 7.7584e+00
 5.8116e+00
 5.3394e+00
 1.4431e+01
 1.5129e+01
 1.9749e+01
 1.5805e+01
 2.9907e+01
 3.1359e+01
 1.8371e+01
 9.1244e+00
 3.9764e+00
 3.5918e+00
 1.0945e+01
 2.0930e+01
 9.3758e+00
 4.8822e+00
 3.3850e+00
 2.2200e+00
 2.7931e+00
 4.4448e+00
 5.0513e+00
 5.4574e+00
 7.5126e+00
 8.8545e+00
 9.3442e+00
 9.7106e+00
 9.2587e+00
 7.1383e+00
 5.8256e+00
 5.0003e+00
 8.5354e+00
 1.5335e+01
 1.3418e+01
 1.7254e+01
 1.5119e+01
 2.0216e+01
 2.3775e+01
 2.0587e+01
 1.5183e+01
 1.0537e+01
 1.0414e+01
 7.6989e+00
 7.4282e+00
 1.6118e+01
 1.2839e+01
 2.9398e+00
 7.2361e+00
 7.3573e+00
 5.5864e+00
 4.7840e+00
 4.8509e+00
 5.4336e+00
 8.6911e+00
 1.0669e+01
 9.3384e+00
 8.7710e+00
 7.4720e+00
 5.5118e+00
 4.5630e+00
 7.0107e+00
 1.4915e+01
 1.2675e+01
 1.1923e+01
 1.9502e+01
 1.8402e+01
 1.8252e+01
 1.9525e+01
 1.4553e+01
 1.6694e+01
 9.6697e+00
 1.1276e+01
 9.8299e+00
 9.6343e+00
 1.2102e+01
 1.1984e+01
 3.2267e+00
 7.7286e+00
 9.7304e+00
 8.1531e+00
 5.5502e+00
 3.8716e+00
 4.5545e+00
 9.0084e+00
 1.1169e+01
 8.8252e+00
 7.4243e+00
 6.2191e+00
 4.9760e+00
 6.3248e+00
 1.3267e+01
 1.4541e+01
 1.0897e+01
 1.2255e+01
 1.9688e+01
 2.0015e+01
 1.8884e+01
 1.8547e+01
 1.2642e+01
 1.3557e+01
 8.9508e+00
 1.1801e+01
 1.1087e+01
 1.0065e+01
 1.1460e+01
 1.0049e+01
 4.3792e+00
 7.5894e+00
 8.6527e+00
 7.5772e+00
 5.8520e+00
 4.8905e+00
 5.4440e+00
 8.1009e+00
 8.9478e+00
 7.7485e+00
 5.6965e+00
 5.2205e+00
 6.3239e+00
 1.0817e+01
 1.4066e+01
 1.1933e+01
 8.5402e+00
 1.5673e+01
 1.9719e+01
 1.8138e+01
 1.5794e+01
 1.8342e+01
 1.2630e+01
 1.1759e+01
 8.5047e+00
 1.1988e+01
 1.0151e+01
 9.1227e+00
 1.1393e+01
 1.0198e+01
 5.9567e+00
 7.1098e+00
 7.2195e+00
 7.0232e+00
 5.6031e+00
 5.3682e+00
 6.0626e+00
 7.4183e+00
 7.1986e+00
 6.5873e+00
 5.9774e+00
 6.1133e+00
 8.9672e+00
 1.3806e+01
 1.1156e+01
 8.4792e+00
 8.4212e+00
 1.8230e+01
 1.8511e+01
 1.5603e+01
 1.4026e+01
 1.7647e+01
 1.2457e+01
 1.0912e+01
 8.9460e+00
 1.1847e+01
 9.2763e+00
 8.7676e+00
 1.0959e+01
 1.0612e+01
 7.6263e+00
 6.9951e+00
 6.4082e+00
 6.2549e+00
 5.5582e+00
 5.5405e+00
 5.6687e+00
 6.5014e+00
 6.2703e+00
 5.8636e+00
 6.1216e+00
 7.6379e+00
 1.1466e+01
 1.1597e+01
 8.4081e+00
 8.1353e+00
 1.0799e+01
 1.9570e+01
 1.4885e+01
 1.2550e+01
 1.1688e+01
 1.4147e+01
 1.2558e+01
 1.1216e+01
 8.6043e+00
 1.0713e+01
 9.0008e+00
 9.2233e+00
 1.0657e+01
 1.0342e+01
 7.3646e+00
 6.8100e+00
 7.2839e+00
 7.0323e+00
 6.5609e+00
 6.3265e+00
 5.9117e+00
 4.8219e+00
 5.0669e+00
 5.1963e+00
 6.4938e+00
 1.0770e+01
 1.2142e+01
 1.0922e+01
 9.5613e+00
 1.1244e+01
 1.3317e+01
 1.7007e+01
 1.2973e+01
 1.1592e+01
 1.3965e+01
 1.6483e+01
 1.4570e+01
 1.2929e+01
 9.0157e+00
 8.6025e+00
 8.3489e+00
 9.0115e+00
 9.4141e+00
 9.0873e+00
 6.0072e+00
 6.5695e+00
 7.2006e+00
 6.8978e+00
 6.4858e+00
 5.9684e+00
 5.3724e+00
 4.4391e+00
 5.0895e+00
 5.8426e+00
 7.5649e+00
 1.0180e+01
 1.0353e+01
 1.0064e+01
 1.0364e+01
 1.2627e+01
 1.2200e+01
 1.3636e+01
 1.1479e+01
 1.1053e+01
 1.3117e+01
 1.5901e+01
 1.4402e+01
 1.1727e+01
 7.9761e+00
 8.1964e+00
 8.7081e+00
 9.5151e+00
 8.4459e+00
 7.9791e+00
 4.7243e+00
 5.4105e+00
 7.1784e+00
 6.9893e+00
 6.3758e+00
 5.6948e+00
 5.2766e+00
 4.4967e+00
 5.3527e+00
 6.3389e+00
 7.4908e+00
 8.9749e+00
 9.3957e+00
 1.0264e+01
 1.1374e+01
 1.2476e+01
 9.8305e+00
 1.1145e+01
 1.0981e+01
 1.0860e+01
 1.2496e+01
 1.5428e+01
 1.3699e+01
 1.0507e+01
 7.6362e+00
 8.4328e+00
 8.8936e+00
 8.9861e+00
 7.5612e+00
 7.2193e+00
 5.4478e+00
 6.2402e+00
 7.4171e+00
 7.0467e+00
 6.1735e+00
 5.5424e+00
 5.4147e+00
 4.7372e+00
 5.5913e+00
 6.4041e+00
 6.7206e+00
 8.2887e+00
 9.1570e+00
 1.0653e+01
 1.1733e+01
 1.1148e+01
 8.0672e+00
 9.7234e+00
 1.0881e+01
 1.0578e+01
 1.1969e+01
 1.4388e+01
 1.2771e+01
 9.6912e+00
 7.8448e+00
 8.6160e+00
 8.4724e+00
 8.0679e+00
 7.0210e+00
 6.6328e+00
 4.9811e+00
 6.2027e+00
 7.4645e+00
 6.8730e+00
 6.0204e+00
 5.6027e+00
 5.6704e+00
 5.0008e+00
 5.5536e+00
 5.8809e+00
 5.2379e+00
 7.2871e+00
 9.3054e+00
 1.1126e+01
 1.1481e+01
 1.0117e+01
 7.1309e+00
 8.8667e+00
 1.0309e+01
 1.0095e+01
 1.1166e+01
 1.3177e+01
 1.1760e+01
 9.1367e+00
 8.0182e+00
 8.4975e+00
 7.6917e+00
 7.1861e+00
 6.6763e+00
 6.3673e+00
 4.6443e+00
 6.1859e+00
 7.3974e+00
 6.6438e+00
 5.9644e+00
 5.7652e+00
 5.8799e+00
 5.0798e+00
 5.3197e+00
 5.5651e+00
 5.9987e+00
 8.2890e+00
 9.8674e+00
 1.1262e+01
 1.0782e+01
 9.5446e+00
 6.7810e+00
 8.1055e+00
 9.4476e+00
 9.6172e+00
 1.0259e+01
 1.2150e+01
 1.0777e+01
 8.8175e+00
 7.9429e+00
 8.0529e+00
 7.0163e+00
 6.5969e+00
 6.4211e+00
 6.3255e+00
 4.4350e+00
 4.4880e+00
 5.2690e+00
 4.5337e+00
 4.0778e+00
 3.9842e+00
 4.0715e+00
 3.9900e+00
 4.0884e+00
 4.3546e+00
 5.0527e+00
 8.4589e+00
 9.9624e+00
 1.0509e+01
 9.8518e+00
 9.0888e+00
 1.0063e+01
 1.0842e+01
 1.2033e+01
 1.2424e+01
 1.1342e+01
 1.1287e+01
 1.1445e+01
 1.0149e+01
 9.1615e+00
 7.2553e+00
 6.1642e+00
 5.7497e+00
 5.7287e+00
 5.8989e+00
 3.8191e+00
 4.2022e+00
 4.9824e+00
 4.3955e+00
 4.1272e+00
 4.0954e+00
 4.1346e+00
 3.9629e+00
 4.0897e+00
 4.5023e+00
 5.4772e+00
 8.9712e+00
 9.9081e+00
 9.7748e+00
 9.3893e+00
 9.1332e+00
 1.0076e+01
 1.0484e+01
 1.1550e+01
 1.2147e+01
 1.2025e+01
 1.1822e+01
 1.1178e+01
 1.0059e+01
 8.7984e+00
 6.8999e+00
 5.8549e+00
 5.3826e+00
 5.4499e+00
 5.7396e+00
 3.6652e+00
 3.8734e+00
 4.7210e+00
 4.3351e+00
 4.1790e+00
 4.1644e+00
 4.1982e+00
 4.0681e+00
 4.3082e+00
 4.9394e+00
 6.0336e+00
 9.1648e+00
 9.3741e+00
 9.1500e+00
 9.1424e+00
 9.2305e+00
 1.0274e+01
 1.0511e+01
 1.1178e+01
 1.1628e+01
 1.1447e+01
 1.1291e+01
 1.0919e+01
 9.8573e+00
 8.4182e+00
 6.5980e+00
 5.6190e+00
 5.1366e+00
 5.1351e+00
 5.3447e+00
 2.6456e+00
 2.9517e+00
 4.4756e+00
 4.3413e+00
 4.2405e+00
 4.2159e+00
 4.2931e+00
 4.2961e+00
 4.7303e+00
 5.4811e+00
 6.2726e+00
 8.7603e+00
 8.7040e+00
 8.7654e+00
 9.0631e+00
 9.4183e+00
 1.0650e+01
 1.0702e+01
 1.0809e+01
 1.0983e+01
 1.0920e+01
 1.0849e+01
 1.0575e+01
 9.5709e+00
 8.1124e+00
 6.3310e+00
 5.3823e+00
 4.8592e+00
 4.8308e+00
 5.1659e+00
 3.2395e+00
 3.3311e+00
 4.4467e+00
 4.3775e+00
 4.2937e+00
 4.2990e+00
 4.4620e+00
 4.5983e+00
 5.1053e+00
 5.5833e+00
 5.8363e+00
 8.0534e+00
 8.2275e+00
 8.6080e+00
 9.1195e+00
 9.6318e+00
 1.0916e+01
 1.0729e+01
 1.0359e+01
 1.0273e+01
 1.0402e+01
 1.0419e+01
 1.0114e+01
 9.2319e+00
 7.8832e+00
 6.0804e+00
 5.1251e+00
 4.5972e+00
 4.6163e+00
 5.0059e+00
 3.0995e+00
 4.7794e+00
 5.5601e+00
 5.5950e+00
 5.5768e+00
 5.6505e+00
 5.8604e+00
 5.1112e+00
 5.3205e+00
 5.3069e+00
 4.6580e+00
 6.6179e+00
 7.7145e+00
 8.3532e+00
 8.9581e+00
 9.4304e+00
 9.6711e+00
 9.3107e+00
 8.7530e+00
 8.5568e+00
 8.7985e+00
 8.7020e+00
 8.3674e+00
 7.6310e+00
 6.4369e+00
 5.1651e+00
 4.2236e+00
 3.7354e+00
 3.7992e+00
 4.2065e+00
 1.9001e+00
 4.5708e+00
 5.4143e+00
 5.5594e+00
 5.6126e+00
 5.6559e+00
 5.7137e+00
 4.6966e+00
 4.6474e+00
 4.6566e+00
 4.8988e+00
 6.9551e+00
 7.5136e+00
 8.1060e+00
 8.6325e+00
 8.9258e+00
 9.0098e+00
 8.6520e+00
 8.1978e+00
 8.0136e+00
 8.2106e+00
 8.1459e+00
 7.8401e+00
 7.2310e+00
 6.2174e+00
 5.0437e+00
 4.1353e+00
 3.7062e+00
 3.7614e+00
 4.0990e+00
 1.7525e+00
 4.4129e+00
 5.2820e+00
 5.4589e+00
 5.4707e+00
 5.3384e+00
 5.1551e+00
 3.9629e+00
 3.9375e+00
 4.1194e+00
 4.5126e+00
 6.5842e+00
 7.0792e+00
 7.5503e+00
 7.9070e+00
 8.0451e+00
 8.0772e+00
 7.8259e+00
 7.5456e+00
 7.3321e+00
 6.6856e+00
 6.5030e+00
 6.8718e+00
 6.4274e+00
 5.6475e+00
 4.6598e+00
 3.8020e+00
 3.3946e+00
 3.3648e+00
 3.5670e+00
 1.1465e+00
 3.7609e+00
 4.5921e+00
 4.7355e+00
 4.6786e+00
 4.4074e+00
 4.0841e+00
 2.8824e+00
 2.9764e+00
 3.2839e+00
 3.7132e+00
 5.7274e+00
 6.1227e+00
 6.4654e+00
 6.7180e+00
 6.8343e+00
 6.9707e+00
 6.9232e+00
 6.8426e+00
 6.7380e+00
 6.6622e+00
 6.4587e+00
 6.2715e+00
 5.9313e+00
 5.4031e+00
 4.6367e+00
 3.8573e+00
 3.4521e+00
 3.3465e+00
 3.5035e+00
 1.0492e+00
 3.6563e+00
 4.4252e+00
 4.4813e+00
 4.3607e+00
 4.0530e+00
 3.7373e+00
 2.6027e+00
 2.7604e+00
 3.0662e+00
 3.4326e+00
 5.3337e+00
 5.5570e+00
 5.6949e+00
 5.7597e+00
 5.7546e+00
 5.8840e+00
 5.9354e+00
 5.9659e+00
 5.9414e+00
 5.9018e+00
 5.7306e+00
 5.6521e+00
 5.4561e+00
 5.1165e+00
 4.5671e+00
 3.9075e+00
 3.4830e+00
 3.3043e+00
 3.3962e+00
 5.2843e-01
[ CPUDoubleType{2100,1} ]
