-3.1906e+00
-4.3413e+00
-4.5847e+00
-4.9193e+00
-5.3255e+00
-5.6276e+00
-3.9941e+00
-2.0245e+00
-8.6017e-01
-9.8426e-01
-1.5548e+00
 2.0556e+00
 1.5389e+00
 9.4479e-01
-2.5368e-01
-9.9909e-01
-9.6601e-01
-6.1688e-01
-1.2737e+00
-1.4891e+00
-2.3938e+00
-2.4235e+00
-8.2047e-01
-6.0771e+00
-2.3881e+01
-3.5584e+01
-3.7326e+01
-1.7354e+01
 6.7927e+00
 5.0149e+00
-2.9705e+00
-4.2475e+00
-4.5901e+00
-5.0604e+00
-5.5146e+00
-5.7842e+00
-4.2366e+00
-1.9245e+00
-2.2274e-01
-6.8070e-01
-1.5307e+00
 2.0676e+00
 1.6620e+00
 9.7796e-01
-2.3732e-01
-1.0600e+00
-9.5355e-01
-2.4274e-01
-1.3992e+00
-2.2609e+00
-3.4012e+00
-4.2471e+00
-3.4911e+00
-5.0878e+00
-2.6733e+01
-4.5186e+01
-4.3080e+01
-1.3900e+01
 1.5787e+01
 8.5535e+00
-2.8063e+00
-4.1368e+00
-4.5411e+00
-5.1371e+00
-5.6783e+00
-5.9568e+00
-4.5440e+00
-2.4661e+00
-4.6614e-01
-8.8004e-01
-1.7564e+00
 1.9760e+00
 1.5130e+00
 8.0876e-01
-1.7232e-01
-1.1804e+00
-1.0574e+00
-2.8338e-02
-8.4734e-01
-2.3968e+00
-4.0327e+00
-6.8247e+00
-7.7560e+00
-5.5615e+00
-2.1834e+01
-3.9001e+01
-3.4309e+01
-6.7122e+00
 2.4080e+01
 1.4833e+01
-1.2106e+00
-3.2732e+00
-3.6072e+00
-4.3375e+00
-5.2394e+00
-5.7337e+00
-4.5584e+00
-2.8598e+00
-1.4579e-01
-1.1721e-01
-9.9601e-01
 2.2321e+00
 1.6137e+00
 1.0021e+00
 5.1488e-01
-4.5621e-01
-4.3571e-01
 8.7647e-01
 6.6821e-01
-1.5722e+00
-4.1748e+00
-6.6737e+00
-6.6761e+00
-3.6509e+00
-1.7233e+01
-3.2799e+01
-2.5729e+01
 1.6965e+00
 2.7114e+01
 1.8623e+01
-1.3001e+00
-3.3294e+00
-3.5097e+00
-4.0915e+00
-4.9421e+00
-5.3766e+00
-4.3476e+00
-3.6787e+00
-8.7432e-01
-1.8899e-01
-1.1787e+00
 1.8990e+00
 1.0920e+00
 7.2183e-01
 9.8574e-01
 1.5686e-01
 2.5779e-02
 1.4922e+00
 1.3282e+00
-1.3720e+00
-4.0546e+00
-4.9693e+00
-5.1440e+00
-2.2957e+00
-1.4514e+01
-3.4757e+01
-2.5017e+01
 3.4129e+00
 2.6921e+01
 1.9124e+01
-1.4579e+00
-3.4509e+00
-3.4610e+00
-3.8030e+00
-4.2587e+00
-4.3566e+00
-3.3938e+00
-3.4155e+00
-1.5390e+00
 9.2310e-02
-1.2615e+00
 1.6110e+00
 7.2868e-01
 4.8554e-01
 1.3777e+00
 1.1531e+00
 7.0345e-01
 1.8902e+00
 1.0440e+00
-1.4775e+00
-3.0628e+00
-3.8099e+00
-3.5162e+00
-5.9574e-01
-8.1928e+00
-3.6439e+01
-3.0117e+01
-1.0053e+00
 2.0992e+01
 1.7314e+01
-1.5984e+00
-3.5191e+00
-3.3982e+00
-3.4418e+00
-3.3991e+00
-3.0445e+00
-2.2777e+00
-2.6683e+00
-1.7441e+00
 1.2168e+00
-9.2265e-01
 1.4219e+00
 3.5351e-01
-3.9697e-01
 5.6627e-01
 1.1535e+00
 7.6120e-01
 9.8612e-01
-9.7146e-02
-1.1206e+00
-3.3535e+00
-3.5564e+00
-2.2519e+00
 2.9199e+00
 9.3295e+00
-1.8426e+01
-2.3271e+01
 1.5869e+01
 2.4523e+01
 1.6622e+01
-1.9798e+00
-3.5309e+00
-3.5065e+00
-3.2904e+00
-2.7843e+00
-2.1800e+00
-1.5217e+00
-1.8372e+00
-2.1536e+00
 2.5310e+00
-6.7553e-01
 1.0109e+00
-9.2766e-02
-1.7598e+00
-8.4900e-01
-2.0534e-01
-3.4516e-01
-5.6084e-01
-4.0219e-01
-3.7018e-01
-3.2471e+00
-2.0509e+00
 6.5734e-01
 6.4714e+00
 3.0254e+01
 3.4431e+01
 7.0784e+00
 5.4189e+01
 4.1635e+01
 1.6612e+01
-1.6593e+00
-3.5535e+00
-3.7594e+00
-3.7257e+00
-3.0151e+00
-2.2533e+00
-1.2436e+00
-1.4643e+00
-2.8936e+00
 5.4902e-01
-2.3469e+00
-9.0212e-02
-7.1416e-02
-1.2258e+00
-3.3887e-01
-2.2922e-01
-1.5224e+00
-2.2205e+00
 7.0624e-01
-9.6833e-01
-9.1490e-02
 2.8102e+00
 6.4357e-01
-7.3895e+00
 2.9003e+01
 8.3434e+01
 5.7019e+01
 7.8071e+01
 5.1215e+01
 1.6355e+01
-8.1336e-01
-2.5762e+00
-2.9360e+00
-3.2595e+00
-2.4805e+00
-9.8982e-01
 6.2771e-01
 1.3116e+00
-1.1385e+00
-2.7460e+00
-4.0584e+00
-8.8092e-01
 9.4621e-01
 8.0276e-01
 2.2278e+00
 2.1844e+00
-5.5907e-01
-2.5568e+00
-2.2009e+00
-3.7383e+00
 3.4274e+00
 7.7066e+00
-7.1064e+00
-4.4871e+01
 2.2540e+01
 1.0690e+02
 1.0085e+02
 8.1023e+01
 2.9643e+01
 4.5156e+00
-1.5622e+00
-2.7601e+00
-2.9103e+00
-3.1403e+00
-1.9780e+00
 8.4349e-01
 3.1854e+00
 4.9185e+00
-5.3787e-01
-3.8146e+00
-2.6162e+00
 7.5096e-01
 2.5272e+00
 2.9371e+00
 5.3213e+00
 5.3293e+00
 3.4171e+00
-2.5316e+00
-1.0139e+01
-3.2619e+00
 6.4625e+00
-1.5445e+00
-2.0143e+01
-4.8464e+01
 3.8207e+01
 1.2577e+02
 1.1355e+02
 5.3639e+01
-1.7787e+00
-8.0640e+00
-2.1750e+00
-3.1364e+00
-3.1177e+00
-3.4879e+00
-1.8948e+00
 2.3566e+00
 5.5372e+00
-7.2515e+00
-6.5391e+00
 1.4836e+00
-1.7464e-01
 2.0406e+00
 3.0737e+00
 3.5574e+00
 8.1947e+00
 9.8273e+00
 5.7980e+00
-2.2915e+00
-1.9860e+00
-1.3662e+01
-1.2625e+01
-5.0916e+00
-9.7141e-01
-2.9048e+01
 6.8861e+01
 1.5860e+02
 1.0796e+02
-1.1697e+01
-1.8749e+01
-3.7386e+00
-2.1759e+00
-3.4158e+00
-4.1308e+00
-4.6458e+00
-2.7345e+00
 9.8592e-01
 6.1512e+00
 8.2688e+00
-3.4218e+00
 4.8135e+00
 5.7567e-01
 2.8790e+00
 3.3281e+00
 3.0363e+00
 9.7009e+00
 9.6275e+00
-5.8006e+00
 2.8173e+00
-1.7556e+01
-7.7180e+00
 2.6553e+01
 3.3775e+01
 2.8391e+01
-1.7596e+00
 1.1933e+02
 1.5056e+02
 4.5280e+01
-6.4736e+01
-2.6231e+01
 2.1349e+01
-1.8293e+00
-2.7948e+00
-4.1768e+00
-6.1522e+00
-3.2633e+00
-2.1390e-01
 2.4593e+00
 1.0219e+01
-1.1912e+01
-3.3466e+00
 4.9302e-01
 2.7701e+00
 2.7140e+00
 2.3141e-01
 4.6421e+00
-2.4890e-01
-1.3065e+01
-7.4125e+00
 1.1313e+01
 2.2734e+01
 2.0355e+01
 2.2078e+01
 1.6294e+01
 3.1127e+00
 2.3520e+02
 9.8206e+01
-4.7413e+01
-8.5921e+01
-1.4821e+01
 6.7391e+01
-9.8233e-01
-4.7611e-01
 6.4225e-01
-1.9475e+00
-2.3405e+00
 6.6414e-01
 3.1844e+00
 3.1088e+00
-1.2863e+01
 1.1413e+00
-1.2289e+00
-1.0978e-01
 3.9875e-01
-4.8870e+00
-5.2200e+00
-5.8715e+00
-1.6798e+01
 1.5376e+01
 2.8031e+01
 4.9331e-01
 1.2782e+01
 2.0475e+01
 9.1430e+00
-7.4769e-01
 3.9918e+02
-1.8298e+01
 3.5726e+01
-5.7920e+01
 2.5824e+01
 2.0626e+01
 2.1255e+00
-5.0572e-01
 2.0565e+00
 2.6000e+00
 1.8661e+00
 1.0039e+00
 1.1931e+00
 6.4567e+00
 1.2596e+01
 1.1280e+00
-4.6272e+00
-1.8164e+00
-1.0521e+00
-6.5060e+00
-8.1442e+00
-4.8998e-01
-9.3428e+00
 1.6716e+01
 1.3224e+01
-1.8617e+01
 6.4848e-01
 9.6009e+00
-2.3148e+00
-1.0998e+01
 4.1616e+02
-7.0395e+01
 3.6939e+01
-4.3369e+01
 5.9028e+00
 9.9697e+00
 5.3215e-01
-1.3695e+00
 1.4612e-01
 1.1878e+00
 6.5250e+00
 3.0763e+00
-4.8591e-01
 1.7675e+00
 4.3059e+00
 2.7172e+00
-5.7433e+00
-6.4110e-01
-1.3845e+00
-4.3113e+00
-2.6473e+00
 1.4055e+00
 4.9383e+00
-3.2499e+01
-3.4015e+01
-1.8096e+01
 8.4867e-01
 1.0529e+00
-1.1318e+01
-1.6753e+01
 2.6950e+02
 3.5782e+00
-1.0663e+02
-8.9432e+01
-2.3756e+01
-2.5996e+00
-2.7735e+00
-3.0601e+00
-1.9804e+00
-3.1691e+00
 8.3702e+00
 1.3777e+00
 2.0340e+00
-2.6058e+00
 3.1055e+00
-4.4263e+00
 9.8385e+00
 1.5072e-01
-4.3206e-01
-5.5620e-01
 2.4869e+00
-5.5974e+00
-2.8479e+01
-1.8783e+01
-1.2061e+01
-9.9972e+00
 2.5464e+00
 5.8012e+00
 1.1514e+00
 1.2278e+00
 1.5051e+02
 2.3705e+01
-1.0492e+02
-6.5402e+01
-2.7422e+01
-5.4342e+01
 2.9583e+00
-2.9908e+00
-7.8537e+00
-5.0149e+00
 4.9467e+00
-3.4936e+00
-1.4817e+00
-6.2842e+00
-2.3745e+01
-4.2188e+00
 1.5585e+00
-6.7232e-01
-8.0205e-01
 9.6557e-01
 9.7045e-01
 6.8274e-01
-2.9107e+01
-5.2541e+00
 1.8409e+01
 2.9300e+01
 2.1817e+01
 2.7338e+01
 1.6411e+01
 3.9408e+01
 6.8047e+01
-3.5174e+01
 5.9620e+01
 1.2280e+01
-8.0989e+01
-1.1218e+02
-2.0370e+00
 2.0315e+00
 4.7902e+00
 1.0768e+00
-4.3988e+00
-1.2742e+01
-1.6290e+01
-8.4332e-01
-5.7733e+00
 2.2471e+01
 3.0504e+00
 9.0387e-01
-4.4405e+00
-1.8478e+00
 7.1236e-02
-2.1102e+00
 4.7048e+01
 5.4387e+01
 3.6942e+01
 2.7716e+01
 2.9256e+01
 5.8926e+01
 4.2418e+01
 7.1157e+01
 1.6226e+01
-1.0802e+02
 1.2837e+02
 4.2263e+01
 2.0723e+01
-4.6089e+01
 8.8561e-01
-2.7711e+00
-5.8665e+00
-6.5487e+00
 4.2876e+00
 7.5815e+00
 1.4052e+01
 1.3922e+01
-5.6990e-01
 1.0919e+01
 2.7202e+00
 1.5028e+00
-1.9248e+00
 5.4359e+00
 9.8611e+00
 1.7635e+01
-4.5461e+00
 8.4465e+00
 3.8496e+01
 1.6187e+01
 2.5486e+01
 3.6124e+01
 2.5797e+01
 7.6153e+01
 3.4250e+01
 1.2472e+02
 3.5235e+02
 2.2846e+02
 9.5557e+01
-5.2267e+01
-9.9230e+00
-1.3609e+01
-1.0850e+01
-2.4419e+00
 5.2392e-01
-4.9868e+00
-6.7082e+00
 8.3827e+01
-1.0585e+02
 4.1628e+00
 3.1373e+01
-4.0450e+00
 2.3604e-01
-2.5701e+00
-9.9433e+00
 9.1071e+00
-4.4268e+01
 2.1293e+01
 2.1093e+01
 2.3738e+01
-4.1273e+00
 5.2776e+00
-5.6605e+00
-1.1309e+01
 1.4276e+01
 3.8917e+02
 7.2908e+02
 1.9854e+02
 1.2208e+02
-2.0005e+01
 9.6562e-01
-3.1016e+00
-6.1837e+00
-1.0643e+01
-1.5653e+01
-2.1719e+01
-3.4559e+01
-5.8478e+01
 5.5613e+01
 1.4936e+01
 1.1574e+01
-3.0925e+01
 1.9296e+00
 2.2545e-01
 4.8709e+00
 1.4874e+01
 3.8069e+01
 3.5753e+01
-8.3069e+00
-4.4556e+01
-4.3935e+01
-1.7326e+01
-2.5018e+01
-3.4137e+01
-2.6307e-01
 8.2307e+02
 4.0982e+02
-8.9062e+01
 1.1455e+02
 5.5665e+01
 1.7462e+01
 1.3522e+01
 9.6092e+00
 2.6356e+00
-7.0563e+00
-3.7563e+00
 3.7144e+01
-2.3246e+01
 8.7949e+01
 7.3567e+00
-1.8834e+01
 1.6859e+00
 6.9784e+00
 2.6890e+00
-2.9202e+01
 2.8955e+01
 1.2002e+01
-4.3036e+01
-7.9576e+01
-9.1773e+01
-3.5919e+01
 2.7042e+01
 1.0215e+01
 2.5606e+00
 3.6340e+01
 1.5126e+03
-4.4328e+02
-1.3858e+02
 1.4809e+02
 1.5851e+02
-1.3169e+01
-1.6916e+01
-2.0195e+01
-1.2898e+01
-1.0902e+00
-5.5547e-01
-5.7828e+01
 1.2591e+02
 9.0807e+02
 7.0197e+01
 5.7978e+01
-2.3159e+01
-3.0495e+00
-1.8401e+00
 2.6179e+01
-8.3230e+01
-3.2640e+01
-4.0944e+00
 1.7637e+01
 1.6251e+01
 3.5465e+01
 5.6120e+01
 2.8615e+01
 1.0833e+01
 9.6655e+00
 1.3085e+03
-4.1704e+02
-1.3204e+02
-6.0603e+01
 2.1630e+02
-4.3332e+00
-1.0256e+01
-1.4015e+01
-2.4700e+01
-4.9811e+01
-7.5702e+01
 1.7034e-02
 2.1350e+02
-3.1652e+01
-8.1650e+01
 1.3531e+01
 8.4694e+00
 4.5640e+00
-4.3712e-01
-1.0843e+01
 6.8220e+01
 6.8731e+01
 4.7785e+01
 6.7217e+01
 4.8468e+01
 3.7940e+01
 6.9780e+01
 3.5853e+01
-3.0846e+01
 5.7134e+01
 4.4425e+02
-1.3465e+02
-2.2702e+01
-1.1915e+02
 1.5218e+02
-4.2664e+00
-8.4060e+00
-8.2886e+00
-6.1753e+00
-2.1238e+00
 1.0056e+02
 6.3111e+01
-5.0509e+01
 1.1318e+01
-1.8484e+00
-1.4899e+01
-8.2601e+00
-8.9074e+00
 1.1321e+00
 9.5087e+00
-2.0603e+00
-4.6397e+01
 3.0224e+01
 3.6484e+01
-7.8248e-01
 1.3459e+01
 2.2067e+01
 3.4273e+01
-9.8421e-01
 5.5176e+00
 3.1534e+02
 1.1541e+02
 9.0604e+01
-8.5151e+01
 1.4221e+01
-7.7922e+00
-4.6187e+00
-5.9996e-02
 4.0849e+00
 4.5174e+01
 7.7265e+01
 4.3438e-01
-1.7111e+01
 2.5451e+01
 1.3798e+01
 2.9887e+00
 5.6721e+00
 1.0568e+01
 1.0732e+01
 8.9618e+00
-6.7107e+00
 1.6886e+00
-1.3821e+01
-1.7730e+00
 1.0904e+01
 7.5162e+00
 9.7898e+00
 2.3274e+00
-5.8882e+01
 7.9294e+01
 1.3419e+02
-1.3759e+02
-6.8772e+01
-3.9016e+01
-4.4216e+01
 3.2718e+00
 8.9453e+00
 6.7543e+00
 2.3530e+01
 5.2938e+01
 3.1584e+01
-4.4001e+01
 2.1927e+01
-7.9088e-01
 2.0363e+01
-2.4796e+00
-2.5734e+00
-2.8846e+00
-2.2145e-02
-8.0017e-01
-5.2597e+00
 1.4470e+01
 1.8617e+00
-8.2614e+00
-2.0307e+01
 4.8606e+01
 1.1227e+01
-4.0642e+01
 1.9737e+01
 8.3918e+01
 6.1745e+01
 3.2708e+01
-2.8269e-01
 3.6709e+01
-1.5489e+01
 9.8702e+00
 1.7211e+00
 2.3652e+00
 2.6028e+01
 1.6735e+01
-1.6643e+01
-6.0762e+00
 1.1215e+01
-3.7857e+00
-3.3734e+00
 3.6236e+00
-1.4520e+00
 4.3709e-01
-1.5492e+00
-4.8304e+00
-9.9742e+00
-2.8618e+00
 9.9239e-01
-8.5543e+00
-1.1844e+01
-4.2848e+00
 3.3991e+01
-2.6276e+01
 3.1511e+01
-1.4161e+01
-8.6345e+01
 5.4981e+00
-8.2138e+01
 1.7371e+01
 9.5583e-01
-7.6522e+00
-1.9920e+01
 5.3443e+00
 2.3423e+01
 1.2147e+01
-1.0637e+01
-7.0462e+00
-1.4043e+01
 4.3311e+00
-2.8032e+00
 7.2927e-01
-2.3817e+00
-5.3826e-01
-4.4494e+00
-1.1015e+01
-4.7541e+00
-4.8856e+00
 4.0150e+00
 1.1225e+01
-5.8421e+00
 2.1402e+00
 5.7648e+00
 1.5887e+01
 8.8169e+00
-6.8132e-01
-6.6250e-01
-3.5013e+01
 1.1819e+00
 1.8476e+01
 1.2663e+01
-2.2147e+01
-9.6162e+00
 2.8031e+01
 3.1106e+01
 2.9752e+00
-1.0097e+01
-9.5158e+00
-1.9614e+00
 1.6722e+00
-4.9276e-01
-6.2532e-02
 2.6649e-01
 1.3216e+00
 7.5585e-01
-5.4000e+00
-4.8536e+00
-2.0778e+00
 3.9606e+00
 9.4059e+00
-4.2257e+00
-1.0112e-01
 5.5623e-01
 1.5211e+01
 9.2492e+00
-2.0583e+00
 1.2374e+01
-5.9869e+00
-5.9935e+01
 1.0963e+01
 7.4466e+00
-1.7909e+01
 1.2075e+01
 2.7181e+01
 2.5014e+01
-8.3049e+00
-9.1404e+00
-8.8439e+00
 4.7792e+00
-4.3679e+00
-9.8850e-01
 4.7438e-01
 9.3033e-01
 1.9042e+00
 4.4916e+00
 4.5297e+00
-4.6161e-01
 5.9362e-01
-5.1617e-01
 6.6317e+00
-6.0660e+00
-4.8735e+00
 3.5166e+00
-4.6846e+01
 1.2744e+01
-1.5376e+01
 1.9486e+01
-3.5365e+01
-3.9698e+01
 2.7572e-01
 1.9175e+01
-5.4519e+00
 1.2356e+01
 1.9718e+01
 9.8559e+00
-7.3086e+00
-6.7955e+00
-5.1426e+00
 5.3744e+00
-6.3976e+00
-7.7764e-01
 3.4135e-02
 2.5370e+00
 2.3050e+00
 4.6947e+00
 6.0199e+00
 1.4371e+00
-3.7316e+00
-1.3564e-01
 7.4916e+00
 3.5342e+00
 1.9147e+01
 3.0133e+01
-1.0359e+01
 5.8838e+00
 8.9951e+00
 9.9019e+00
-2.4949e+01
-1.1858e+01
-4.7746e+00
 2.8834e+01
-1.9988e+00
 1.0025e+01
 1.2537e+01
 2.1962e+00
-5.8484e+00
-7.4072e+00
 1.4012e-01
 1.0262e+00
-4.6072e+00
-8.5290e-01
-2.3010e-01
 3.3299e+00
 2.6828e+00
 1.8584e+00
 3.7083e+00
 2.3259e+00
 4.6309e-03
 6.4307e-01
 6.6733e+00
 2.1898e+00
 9.8491e+00
 7.7976e+00
-6.2250e+00
-3.8680e+00
-5.6071e+00
 6.1138e+00
-3.5863e+01
 1.2616e+01
-2.7176e+00
 3.7776e+00
-3.2324e-01
 8.9389e+00
 8.3734e+00
 6.0424e-01
-4.7226e+00
-6.9287e+00
-8.9059e-02
 1.1057e+00
-1.4471e+00
-1.8513e+00
-1.9769e-01
 6.6644e-01
 1.3488e+00
 7.3953e-01
 4.1824e+00
 5.6391e+00
 4.2266e+00
 1.8336e+00
-9.0039e-02
-9.1971e+00
 1.0382e+01
 1.7880e+01
-1.3863e+01
 4.7300e+00
-1.1481e+00
 4.1605e+00
-2.8631e+01
 7.2972e+00
-9.6724e+00
 1.2971e+01
 2.6063e+00
 9.2886e+00
 8.5920e+00
 1.2305e+00
-3.2989e+00
-5.7361e+00
 1.2688e-01
 4.8311e+00
 2.3698e+00
-1.6724e-01
 1.2039e+00
 1.4030e+00
-5.3952e-01
-9.9063e-01
-5.5953e-01
 3.1379e+00
 3.9058e+00
 2.8641e+00
 6.2755e+00
-7.2591e+00
-2.8783e+00
 1.7066e+01
-1.2350e+01
-1.3564e+01
 3.0036e+00
 4.6460e+00
-1.1586e+01
 6.7382e+00
-7.6946e+00
 2.0681e+01
 3.0836e+00
 6.7781e+00
 7.2263e+00
 1.3423e+00
-2.8750e+00
-5.0381e+00
-9.2781e-01
 4.5418e+00
 2.2934e+00
-3.8386e-01
 1.6676e+00
 3.4662e+00
 1.7382e+00
 1.2453e+00
 1.2716e+00
 4.9094e+00
 3.7990e+00
 4.6189e-01
-1.3779e+00
-4.3844e+00
-4.7818e+00
 1.6937e+01
 1.3303e+01
-2.1648e+01
-4.1503e+00
-2.7959e+00
-1.9229e+01
-1.0291e+01
-8.0877e+00
 6.7304e+00
 2.6803e+00
 5.5743e+00
 5.7422e+00
 2.0027e+00
-1.3368e+00
-3.5405e+00
-2.2839e-01
 3.9416e+00
 1.4896e+00
-1.8037e+00
 2.1213e+00
 5.8636e+00
 4.5452e+00
 1.2792e+00
 7.1904e-01
 4.7673e+00
 9.4151e+00
 8.2809e+00
 2.2375e+00
-7.8153e+00
 3.6577e-01
 1.9172e+01
 2.1306e+01
-2.0641e+01
 6.2721e+00
-2.4886e+00
-1.2506e+01
-2.0458e+01
-3.2137e-01
 4.5101e+00
 1.1860e+00
 4.3166e+00
 5.3675e+00
 3.0675e+00
 8.2057e-01
-1.5563e+00
 9.0901e-01
 4.6931e+00
 3.6847e+00
-1.8114e+00
-3.9324e+00
-1.3763e+00
-1.1758e+00
-9.9663e-01
-5.5474e-02
 1.0021e+00
 4.1805e+00
 5.8170e+00
 8.7680e+00
-2.4345e+00
 4.4082e+00
 4.6387e+00
 1.8776e+01
 1.2306e+01
-1.3581e-01
 2.7468e+01
-8.3848e+00
-8.0511e+00
 1.1866e+01
-4.6127e+00
-1.3811e-01
 2.4383e+00
 4.0780e+00
 2.8507e+00
 1.2859e+00
-6.4249e-01
 5.6296e-01
 3.3723e+00
 3.2873e+00
-1.6266e+00
-2.5070e+00
-8.0242e-01
-6.7634e+00
-3.4384e+00
-1.3368e+00
 6.0218e-01
 2.7612e+00
 7.4026e+00
 1.0599e+01
 4.3381e+00
 1.3341e+01
 1.6137e+01
 2.7696e+01
 7.4257e+00
 2.3227e+00
 7.1245e+00
 2.3517e+01
 4.9650e-01
 1.7164e+01
-1.2228e+01
-3.2580e-01
 1.4665e+00
 2.4439e+00
 1.6163e+00
 1.6140e+00
-6.5756e-01
-8.1058e-01
 2.3705e+00
 5.0201e+00
 1.1155e+00
 5.6109e-01
-7.3785e-01
 3.3179e+00
 1.3431e+00
-7.8353e-01
 7.1114e-01
 2.4557e+00
 6.7877e+00
 8.5699e+00
-6.2790e+00
 2.3662e+01
 1.2234e+01
-1.1529e+01
 3.6991e+00
 8.5484e+00
-2.5463e+00
-1.4493e+00
 1.5156e+01
 9.0106e-01
-1.1876e+01
 9.2210e-02
 9.2678e-01
 2.0492e+00
 2.0859e+00
 1.0158e+00
 9.0550e-01
 1.1556e+00
 3.9139e+00
 5.2698e+00
 2.8939e-01
-3.9199e-02
 1.3452e+00
 4.6622e+00
 3.3558e+00
 3.8116e+00
 9.2010e+00
 8.8997e+00
 9.0369e+00
-2.3469e+00
-1.2960e+01
 9.3873e+00
 1.4379e+01
-3.5118e+00
 4.0103e+00
-3.5094e-01
 1.3163e+00
-5.5057e-01
-1.4739e+00
 1.4167e+01
-1.0002e+01
 2.6797e-01
 1.1851e+00
 2.1060e+00
 2.0973e+00
 1.0169e+00
-2.8772e-01
 2.5910e-01
 3.7768e+00
 8.4865e+00
 6.0303e+00
 2.7640e+00
 1.8480e+00
 3.5050e+00
 6.3414e+00
 1.0548e+01
 8.3984e+00
 7.3111e+00
 4.4281e+00
 4.9170e+00
-9.0048e+00
 2.0459e+01
-1.1663e+01
 1.4989e+00
 8.7566e+00
-3.9712e+00
-1.8620e+00
-6.9111e-02
 1.0352e+01
 1.0590e+01
 1.2965e+00
 8.9860e-01
 8.5549e-01
 8.7071e-01
 2.1580e+00
 1.5362e+00
-5.3462e-01
-1.3625e+00
 8.8349e-01
 2.3084e+00
-2.4367e-01
-1.9190e-01
 6.7770e-01
 3.8367e+00
 6.7730e+00
 7.7835e+00
 5.0165e+00
 6.1598e+00
 1.3934e+01
 7.0032e+00
 1.0541e+00
 2.6464e+01
 5.1497e-01
-1.0517e+01
 6.7362e-01
 1.7055e+01
 3.6247e+00
-1.8032e+00
-4.3691e+00
 3.1106e+00
 2.7357e-01
 9.4031e-01
 1.1830e+00
 1.4352e+00
 3.0230e+00
 2.9791e+00
 1.6561e+00
 8.9684e-01
 2.5318e+00
 5.2106e+00
 4.5154e+00
 2.5485e+00
 2.0675e+00
 5.2643e+00
 6.2570e+00
 6.0489e+00
 3.9950e+00
 6.8976e+00
 1.2645e+01
 1.0048e+01
 1.9295e+01
 6.7748e+00
 9.6784e+00
 7.7325e+00
-3.7935e-02
-1.2935e+01
 3.2268e+00
 5.8348e+00
 6.7138e+00
 1.1558e+01
-4.0910e+00
 1.4340e+00
 1.1108e+00
 1.8728e+00
 3.3953e+00
 3.5057e+00
 2.1414e+00
 1.1095e+00
 2.2024e+00
 3.9518e+00
 5.2411e+00
 4.2540e+00
 4.1543e+00
 4.3672e+00
 6.4514e+00
 8.4132e+00
 7.8604e+00
 1.0689e+01
 1.8878e+01
 2.1800e+01
 1.4627e+01
 2.2562e+01
 1.8917e+01
-2.2895e+00
 4.0967e+00
 1.1558e+01
 1.4963e+01
 9.8616e+00
 2.7299e+01
 3.9251e+00
-7.5241e+00
 1.5477e+00
 1.4884e+00
 1.4772e+00
 2.7263e+00
 3.8442e+00
 2.3770e+00
 9.5626e-01
 2.0359e-01
 1.5486e+00
 3.9519e+00
 4.6730e+00
 6.4906e+00
 7.9751e+00
 6.5803e+00
 5.1278e+00
 4.6957e+00
 1.4205e+01
 1.2561e+01
 1.5495e+01
 9.9658e+00
 2.8751e+01
 3.9230e+01
 1.9303e+01
 3.3557e+00
-3.5647e+00
-2.8962e+00
 8.0436e+00
 5.6081e+01
 9.5677e+00
-5.0310e-01
 2.4624e+00
 2.7547e+00
 2.6150e+00
 3.1916e+00
 3.6773e+00
 3.6787e+00
 2.9646e+00
 2.0763e+00
 3.3569e+00
 7.5375e+00
 8.5507e+00
 6.1718e+00
 4.7685e+00
 4.3433e+00
 8.0019e+00
 1.2984e+01
 1.1974e+01
 2.1537e+01
 7.4709e+00
 1.3554e+01
 1.8083e+01
 2.8473e+01
 1.3241e+01
 9.6449e+00
 1.2626e+01
 6.0124e+00
-2.5538e+00
 2.5380e+01
 1.8356e+01
 4.8240e+00
 2.5829e+00
 2.7086e+00
 2.1476e+00
 2.5977e+00
 3.3088e+00
 3.4722e+00
 3.6817e+00
 3.7171e+00
 5.2286e+00
 7.8426e+00
 6.6627e+00
 4.0174e+00
 2.4018e+00
 5.8488e+00
 1.5285e+01
 1.1286e+01
 1.4447e+01
 2.2032e+01
 1.0528e+01
 1.4679e+01
 1.6156e+01
 9.3721e+00
 1.4176e+01
 1.2058e+01
 1.4398e+01
 1.6197e+01
 5.1515e+00
 1.2901e+01
 1.1702e+01
-6.2523e+00
 2.5292e+00
 3.0925e+00
 2.7586e+00
 2.4494e+00
 2.4911e+00
 2.8701e+00
 4.1893e+00
 5.2880e+00
 5.1121e+00
 6.6005e+00
 6.4533e+00
 5.4880e+00
 6.3518e+00
 1.4549e+01
 1.2467e+01
 1.3059e+01
 9.9676e+00
 2.1926e+01
 1.3453e+01
 2.1869e+01
 9.2679e+00
 5.0716e+00
 1.2197e+01
 1.1989e+01
 1.4033e+01
 1.3048e+01
 1.0038e+01
 1.0079e+01
 1.2538e+01
-1.6365e+01
 2.2560e+00
 3.1170e+00
 2.7952e+00
 2.4507e+00
 2.4398e+00
 2.8007e+00
 4.2050e+00
 4.6030e+00
 4.7030e+00
 5.6167e+00
 5.8175e+00
 5.7202e+00
 8.5583e+00
 1.3628e+01
 1.3581e+01
 5.5142e+00
 1.7379e+01
 1.9151e+01
 1.7902e+01
 1.1113e+01
 1.3601e+01
 6.9869e+00
 1.0461e+01
 6.6119e+00
 1.4350e+01
 9.4869e+00
 7.6113e+00
 9.2798e+00
 4.9300e+00
-1.1414e+01
 2.3801e+00
 2.7421e+00
 2.6242e+00
 2.4975e+00
 2.6027e+00
 3.0034e+00
 4.0543e+00
 4.3994e+00
 4.2966e+00
 4.2661e+00
 3.8963e+00
 4.1380e+00
 1.4555e+01
 1.2764e+01
 6.7216e+00
 4.9268e+00
 2.2276e+01
 2.0950e+01
 1.0428e+01
 1.0745e+01
 1.8711e+01
 6.5318e+00
 8.4190e+00
 6.3540e+00
 1.2320e+01
 7.3241e+00
 5.6629e+00
 6.5093e+00
 3.1533e+00
-2.9484e-01
 2.3618e+00
 2.6872e+00
 2.8504e+00
 2.8132e+00
 2.8651e+00
 2.9357e+00
 3.6472e+00
 3.4838e+00
 3.1643e+00
 2.7538e+00
 2.6068e+00
 1.1057e+01
 1.4466e+01
 6.0810e+00
 7.1241e+00
 8.8931e+00
 2.6922e+01
 1.3077e+01
 7.9573e+00
 1.2330e+01
 2.0686e+01
 4.5157e+00
 8.4596e+00
 6.3743e+00
 7.8800e+00
 5.0868e+00
 6.8236e+00
 4.1952e+00
 2.2582e+00
-2.8891e-01
 2.3480e+00
 3.7844e+00
 3.8492e+00
 3.7245e+00
 3.6119e+00
 3.0842e+00
 1.8391e+00
 1.9313e+00
 1.9771e+00
 1.9703e+00
 8.9717e+00
 1.4098e+01
 9.7696e+00
 8.5846e+00
 1.1111e+01
 1.4341e+01
 1.9098e+01
 9.5835e+00
 9.2936e+00
 1.3191e+01
 2.3135e+01
 4.9998e+00
 1.0182e+01
 5.4508e+00
 4.3798e+00
 2.2714e+00
 6.5059e+00
 3.5186e+00
 8.1839e-01
-3.1442e+00
 2.2056e+00
 3.5127e+00
 3.5387e+00
 3.3060e+00
 2.9602e+00
 2.5903e+00
 1.5054e+00
 1.8182e+00
 2.0835e+00
 5.1718e+00
 9.5723e+00
 9.0739e+00
 9.0980e+00
 1.0477e+01
 1.3682e+01
 1.0894e+01
 1.2974e+01
 9.8216e+00
 1.0626e+01
 1.2611e+01
 2.2654e+01
 5.6935e+00
 8.4717e+00
 3.3605e+00
 3.3135e+00
 2.0410e+00
 5.3495e+00
 4.5911e+00
 7.6999e-01
-3.5338e+00
 2.1768e+00
 3.2823e+00
 3.3869e+00
 3.1135e+00
 2.7883e+00
 2.5636e+00
 1.5322e+00
 1.7965e+00
 3.7820e+00
 6.3490e+00
 6.8762e+00
 7.6889e+00
 9.8225e+00
 1.2037e+01
 1.1956e+01
 6.5401e+00
 1.0110e+01
 1.1841e+01
 1.1708e+01
 1.1866e+01
 2.0853e+01
 7.4370e+00
 6.3770e+00
 2.5153e+00
 3.5068e+00
 2.8853e+00
 3.7303e+00
 4.7531e+00
 2.0489e+00
-3.0350e+00
 2.0921e+00
 3.2366e+00
 3.4138e+00
 3.1853e+00
 2.9149e+00
 2.6066e+00
 1.5200e+00
 2.7412e+00
 5.0347e+00
 4.7686e+00
 6.2784e+00
 7.5376e+00
 1.0104e+01
 1.1485e+01
 8.6386e+00
 4.7721e+00
 9.7132e+00
 1.3295e+01
 1.1554e+01
 1.1525e+01
 1.6868e+01
 8.9262e+00
 4.7812e+00
 2.9093e+00
 4.0033e+00
 3.4452e+00
 3.5509e+00
 4.1895e+00
 3.3389e+00
-1.9800e+00
 2.2227e+00
 3.2763e+00
 3.4234e+00
 3.3075e+00
 3.0103e+00
 2.5515e+00
 1.8971e+00
 3.9707e+00
 3.9158e+00
 3.8058e+00
 6.1502e+00
 7.4293e+00
 9.8309e+00
 9.7038e+00
 7.1751e+00
 4.9562e+00
 9.5975e+00
 1.2681e+01
 1.0795e+01
 1.0781e+01
 1.3454e+01
 9.4446e+00
 3.9871e+00
 3.7283e+00
 4.4513e+00
 3.8335e+00
 3.6976e+00
 3.7623e+00
 3.5015e+00
-2.3083e-01
 2.3401e+00
 3.3344e+00
 3.3949e+00
 3.3090e+00
 2.9083e+00
 2.6065e+00
 2.9112e+00
 3.4403e+00
 3.1005e+00
 3.4418e+00
 5.9351e+00
 7.3488e+00
 8.9878e+00
 8.2556e+00
 7.1538e+00
 5.8038e+00
 8.9232e+00
 1.1156e+01
 1.0216e+01
 1.0009e+01
 1.1692e+01
 9.2660e+00
 3.9613e+00
 4.3830e+00
 4.8067e+00
 4.1240e+00
 3.8601e+00
 3.5886e+00
 3.2241e+00
 5.8472e-01
 7.9009e-01
 1.4267e+00
 1.3472e+00
 1.1894e+00
 7.2319e-01
 1.3496e+00
 2.0620e+00
 1.9749e+00
 1.7935e+00
 2.1301e+00
 5.3802e+00
 6.8788e+00
 7.6285e+00
 7.2911e+00
 7.4615e+00
 9.7775e+00
 1.1439e+01
 1.3243e+01
 1.3246e+01
 1.2409e+01
 1.1792e+01
 1.0559e+01
 5.9914e+00
 6.1965e+00
 4.7661e+00
 3.9903e+00
 3.3576e+00
 2.9128e+00
 2.7785e+00
 7.6104e-02
 7.3312e-01
 1.3257e+00
 1.0262e+00
 6.2013e-01
 9.3621e-01
 1.8055e+00
 2.0051e+00
 1.8561e+00
 1.7126e+00
 2.0720e+00
 5.3816e+00
 6.4938e+00
 6.6390e+00
 7.2295e+00
 8.1515e+00
 9.9836e+00
 1.0819e+01
 1.2449e+01
 1.2981e+01
 1.2025e+01
 1.1263e+01
 1.0783e+01
 6.8160e+00
 6.4040e+00
 4.9271e+00
 4.0099e+00
 3.1331e+00
 2.7585e+00
 2.8255e+00
-5.3071e-02
 6.7845e-01
 1.1562e+00
 5.7030e-01
 2.6650e-01
 1.0615e+00
 2.0554e+00
 2.0776e+00
 1.8776e+00
 1.8386e+00
 2.4959e+00
 5.4894e+00
 5.7909e+00
 6.2937e+00
 7.6252e+00
 8.7616e+00
 1.0348e+01
 1.0789e+01
 1.1821e+01
 1.2521e+01
 1.1737e+01
 1.0980e+01
 1.0730e+01
 7.7659e+00
 6.3795e+00
 4.7366e+00
 3.7397e+00
 2.9711e+00
 2.6712e+00
 2.6103e+00
-1.9087e-01
 6.4156e-01
 9.4696e-01
 6.2177e-03
 2.1613e-01
 1.1651e+00
 2.1608e+00
 2.2154e+00
 2.1916e+00
 2.4120e+00
 2.8514e+00
 5.0638e+00
 5.2765e+00
 6.5388e+00
 8.1760e+00
 9.3327e+00
 1.0931e+01
 1.1089e+01
 1.1361e+01
 1.1823e+01
 1.1438e+01
 1.0763e+01
 1.0529e+01
 8.5209e+00
 6.3392e+00
 4.4013e+00
 3.3397e+00
 2.7152e+00
 2.4601e+00
 2.2118e+00
-3.4667e-01
 5.1452e-01
 7.3220e-01
-1.8999e-01
 2.1305e-01
 1.3286e+00
 2.3836e+00
 2.5578e+00
 2.6940e+00
 2.7364e+00
 2.5292e+00
 4.5922e+00
 5.4578e+00
 7.1141e+00
 8.7350e+00
 9.8737e+00
 1.1451e+01
 1.1304e+01
 1.0900e+01
 1.0951e+01
 1.1075e+01
 1.0660e+01
 1.0406e+01
 9.1672e+00
 6.4545e+00
 4.1901e+00
 2.9216e+00
 2.2942e+00
 2.0354e+00
 1.8282e+00
-4.1565e-01
 1.9854e+00
 1.7329e+00
 1.1446e+00
 1.6660e+00
 2.9036e+00
 3.9217e+00
 3.1994e+00
 3.0701e+00
 2.7471e+00
 2.5634e+00
 4.6661e+00
 5.9567e+00
 7.5517e+00
 8.9764e+00
 9.9735e+00
 1.0471e+01
 1.0045e+01
 9.3005e+00
 9.1911e+00
 9.7606e+00
 9.6106e+00
 9.2526e+00
 8.2269e+00
 5.5948e+00
 3.3795e+00
 1.8403e+00
 1.1185e+00
 9.5795e-01
 1.0696e+00
-1.2168e+00
 1.9254e+00
 1.8467e+00
 1.6128e+00
 2.0710e+00
 3.0614e+00
 3.7976e+00
 2.8911e+00
 2.6664e+00
 2.5876e+00
 2.9397e+00
 5.3405e+00
 6.4738e+00
 7.7330e+00
 8.8593e+00
 9.5723e+00
 9.8594e+00
 9.4005e+00
 8.8246e+00
 8.8408e+00
 9.5877e+00
 9.7421e+00
 9.2308e+00
 8.2055e+00
 5.7277e+00
 3.1852e+00
 1.3978e+00
 7.0784e-01
 7.9823e-01
 1.2356e+00
-9.2903e-01
 1.8893e+00
 2.0073e+00
 1.8639e+00
 2.1258e+00
 2.7754e+00
 3.3393e+00
 2.4976e+00
 2.5765e+00
 2.8971e+00
 3.4756e+00
 5.7357e+00
 6.5042e+00
 7.3720e+00
 8.1495e+00
 8.6156e+00
 8.8638e+00
 8.6501e+00
 8.4647e+00
 8.6471e+00
 9.1139e+00
 9.2698e+00
 8.8025e+00
 7.6898e+00
 5.6248e+00
 2.9115e+00
 1.0275e+00
 5.2661e-01
 8.8908e-01
 1.5244e+00
-6.7338e-01
 1.7144e+00
 1.9640e+00
 1.8197e+00
 1.9256e+00
 2.3540e+00
 2.9064e+00
 2.3166e+00
 2.7019e+00
 3.1643e+00
 3.6596e+00
 5.6751e+00
 6.1452e+00
 6.6879e+00
 7.1745e+00
 7.4708e+00
 7.7936e+00
 7.9081e+00
 8.0157e+00
 8.2160e+00
 8.5128e+00
 8.5253e+00
 7.9713e+00
 6.7873e+00
 5.1170e+00
 2.7244e+00
 9.9793e-01
 6.6847e-01
 1.1672e+00
 1.8557e+00
-4.0566e-01
 1.6122e+00
 1.9642e+00
 1.8133e+00
 1.8420e+00
 2.1584e+00
 2.7606e+00
 2.3619e+00
 2.8645e+00
 3.2724e+00
 3.6282e+00
 5.4674e+00
 5.6900e+00
 5.9251e+00
 6.1371e+00
 6.3043e+00
 6.7365e+00
 7.1147e+00
 7.3298e+00
 7.4291e+00
 7.5248e+00
 7.3764e+00
 6.8826e+00
 5.8016e+00
 4.5056e+00
 2.7105e+00
 1.2658e+00
 1.0249e+00
 1.4893e+00
 2.1369e+00
-2.2909e-01
[ CPUDoubleType{2100,1} ]
